"date","Flag","Detector.Status","Classifier.Errors","Communication.Status","Neutralizer.Status","Detector.Inlet.Flow..L.min.","Detector.Counting.Flow..L.min.","Impactor.Flow..L.min.","Impactor.D50..nm.","Sheath.Flow..L.min.","Sheath.Temp..C.","Sheath.Pressure..kPa.","Sheath.Relative.Humidity....","Mean.Free.Path..m.","Gas.Viscosity..Pa.s.","Low.Voltage..V.","High.Voltage..V.","Lower.Size..nm.","Upper.Size..nm.","Wide.Range.Scan.Mode","Scan.Direction","HV.Polarity","DMA.V.Ramping.Up..TUP...s.","DMA.V.Ramping.Down..TDOWN...s.","DMA.Column.transit.time.Tf..s.","DMA.Exit.to.Optical.Detector.Td..s.","DMA.at.Low.Voltage..TLOW...s.","DMA.at.High.Voltage..THIGH...s.","Adjustment..s.","Dilution.Factor","Aerosol.Density..g.cm..","Median..nm.","Mean..nm.","Geo..Mean..nm.","Mode..nm.","Geo..Std..Dev","Total.Concentration....cm..","Aerosol.Humidity....","Aerosol.Temperature..C.","Reserved.1","part_1.04","part_1.11","part_1.20","part_1.29","part_1.38","part_1.49","part_1.60","part_1.72","part_1.84","part_1.98","part_2.13","part_2.29","part_2.46","part_2.64","part_2.84","part_3.05","part_3.28","part_3.52","part_3.79","part_4.07","part_4.37","part_4.70","part_5.05","part_5.42","part_5.83","part_6.26","part_6.73","part_7.23","part_7.77","part_8.35","part_8.98","part_9.65","part_10.37","part_11.14","part_11.97","part_12.86","part_13.82","part_14.86","part_15.96","part_17.15","part_18.43","part_19.81","part_21.29","part_22.88","part_24.58","part_26.42","part_28.39","part_30.51","part_32.78","part_35.23","part_37.86","part_40.68","part_43.71","part_46.98","part_50.48","part_54.25","part_58.29","part_62.64","part_67.32","part_72.34","part_77.74","part_83.54","part_89.77","part_96.47","part_103.66","part_111.40","part_119.71","part_128.64","part_138.24","part_148.55","part_159.63","part_171.54","part_184.34","part_198.10","part_212.88","part_228.76","part_245.82","part_264.16","part_283.87","part_305.05","part_327.81","part_352.27","part_378.55","part_406.79","part_437.14","part_469.76","part_504.81","part_542.47","part_582.94","part_626.43","part_673.17","part_723.39","part_777.37","part_835.36","part_897.69","part_964.66","raw_1.04","raw_1.11","raw_1.20","raw_1.29","raw_1.38","raw_1.49","raw_1.60","raw_1.72","raw_1.84","raw_1.98","raw_2.13","raw_2.29","raw_2.46","raw_2.64","raw_2.84","raw_3.05","raw_3.28","raw_3.52","raw_3.79","raw_4.07","raw_4.37","raw_4.70","raw_5.05","raw_5.42","raw_5.83","raw_6.26","raw_6.73","raw_7.23","raw_7.77","raw_8.35","raw_8.98","raw_9.65","raw_10.37","raw_11.14","raw_11.97","raw_12.86","raw_13.82","raw_14.86","raw_15.96","raw_17.15","raw_18.43","raw_19.81","raw_21.29","raw_22.88","raw_24.58","raw_26.42","raw_28.39","raw_30.51","raw_32.78","raw_35.23","raw_37.86","raw_40.68","raw_43.71","raw_46.98","raw_50.48","raw_54.25","raw_58.29","raw_62.64","raw_67.32","raw_72.34","raw_77.74","raw_83.54","raw_89.77","raw_96.47","raw_103.66","raw_111.40","raw_119.71","raw_128.64","raw_138.24","raw_148.55","raw_159.63","raw_171.54","raw_184.34","raw_198.10","raw_212.88","raw_228.76","raw_245.82","raw_264.16","raw_283.87","raw_305.05","raw_327.81","raw_352.27","raw_378.55","raw_406.79","raw_437.14","raw_469.76","raw_504.81","raw_542.47","raw_582.94","raw_626.43","raw_673.17","raw_723.39","raw_777.37","raw_835.36","raw_897.69","raw_964.66"
2026-08-30 00:03:00,1,"Normal Scan","Normal Scan",0,"ON",1,1,1,737.3,5,20.4,96.9,54.1,0.0000000695709,0.0000182001,4.97,8954.6,8.8,736.5,1,"Up Scan","Positive",254,0,4.37,1.6,8,8,0,1,1,37.447,59.31,38.516,43.714,2.379,1839.78,50,21.1,NA,0,0,0,0,0,0,0,0,0,0,0,0,0,0,0,0,0,0,0,0,0,0,0,0,0,0,0,0,0,0,0,1835.072,1394.912,1312.352,1420.704,1331.904,1383.616,1149.472,1152,1192.896,1257.856,1324.992,1400.416,1599.392,1584.16,1716.8,1742.944,1806.08,1970.368,2142.208,2160.192,2159.072,2366.24,2327.584,2261.856,2221.728,2017.408,1744.48,1426.464,1235.904,989.856,769.888,640.224,511.872,462.112,394.784,329.344,391.68,342.976,372.352,314.24,383.008,400.256,380.064,383.616,373.28,415.232,347.104,400.384,334.368,360.544,332.736,256.928,134.944,107.84,42.688,31.584,19.552,6.784,0,3.584,0,0,0,0,0,0,0,0,0,0,0,0,0,0,0,0,0,0,0,0,0,0,0,0,0,0,0,0,0,0,0,0,0,0,0,0.56,0.735,0.82,1.055,1.465,1.739,2.211,2.211,2.638,3.162,3.831,4.576,5.451,6.924,7.643,9.123,10.208,11.593,13.732,16.094,17.531,18.828,21.701,22.522,23.051,23.711,22.523,20.432,17.666,15.985,13.673,11.528,10.472,9.534,9.021,8.921,8.776,9.983,9.92,10.268,9.685,10.518,10.058,9.478,9.134,8.255,7.452,5.955,6.096,5.021,5.082,4.588,3.482,1.815,1.397,0.542,0.392,0.238,0.08,0,0.041,0.029,0,0,0,0
2026-08-30 00:08:00,1,"Normal Scan","Normal Scan",0,"ON",1,1,1,737,5,20,96.9,54.6,0.0000000694502,0.0000181809,4.97,8954.6,8.8,736.5,1,"Up Scan","Positive",254,0,4.37,1.6,8,8,0,1,1,36.643,58.171,38.061,40.679,2.356,1921.56,50,21,NA,0,0,0,0,0,0,0,0,0,0,0,0,0,0,0,0,0,0,0,0,0,0,0,0,0,0,0,0,0,0,0,1976.672,1894.24,1381.056,1214.88,1221.184,987.2,1135.328,1283.68,1227.424,1303.776,1459.84,1664.448,1704.32,1955.616,1901.888,1851.264,2074.592,2177.344,2249.632,2156.672,2379.968,2345.856,2302.4,2302.464,2262.08,2128.8,1798.048,1536.128,1178.048,1021.504,789.504,661.024,516.864,472.736,424.768,407.424,352.416,355.68,410.048,420.704,390.848,379.712,398.4,372,414.976,341.184,362.016,331.136,321.376,319.392,292.288,254.784,182.592,122.976,65.696,33.056,11.456,6.816,0,1.792,0,0,0,0,0,0,0,0,0,0,0,0,0,0,0,0,0,0,0,0,0,0,0,0,0,0,0,0,0,0,0,0,0,0,0,0.488,0.797,1.107,1.092,1.253,1.589,1.585,2.196,2.902,3.252,3.968,5.042,6.471,7.395,9.383,10.049,10.832,13.215,15.042,16.9,17.561,20.627,21.582,22.38,23.456,24.153,23.749,21.045,18.856,15.472,14.209,12.031,10.653,9.595,9.78,9.404,9.646,9.552,9.652,11.007,10.716,10.289,9.793,9.614,8.671,8.773,6.763,6.328,5.358,4.721,4.498,4.031,3.434,2.405,1.588,0.832,0.412,0.139,0.08,0,0.021,0,0,0,0,0
2026-08-30 00:13:00,1,"Normal Scan","Normal Scan",0,"ON",1,1,1,737.2,5,20.3,96.9,54,0.0000000695407,0.0000181953,4.97,8954.6,8.8,736.5,1,"Up Scan","Positive",254,0,4.37,1.6,8,8,0,1,1,36.14,57.579,38.042,46.976,2.313,1999.65,50,21,NA,0,0,0,0,0,0,0,0,0,0,0,0,0,0,0,0,0,0,0,0,0,0,0,0,0,0,0,0,0,0,0,1858.752,1621.12,1350.304,1009.056,975.52,1032.384,1136.288,1266.912,1439.008,1686.72,1735.456,2050.24,2049.6,2042.816,2229.088,2189.76,2267.552,2178.624,2227.008,2233.984,2313.44,2487.616,2596.736,2502.56,2322.784,2170.144,1913.12,1503.872,1288.992,957.664,744,675.648,509.568,488.384,390.56,404.736,398.112,339.68,364.864,351.872,362.496,363.136,386.272,395.904,401.696,317.824,363.488,378.112,338.016,386.432,322.048,242.464,183.712,113.504,72.352,29.888,9.792,10.08,3.52,3.584,0,0,0,0,0,0,0,0,0,0,0,0,0,0,0,0,0,0,0,0,0,0,0,0,0,0,0,0,0,0,0,0,0,0,0,0.457,0.76,0.956,1.075,1.036,1.262,1.664,2.205,2.898,3.809,5.121,5.987,7.92,8.847,9.778,11.761,12.691,14.413,15.184,16.801,18.168,20.148,22.858,25.017,25.425,24.604,24.099,22.349,18.602,16.668,13.333,11.453,10.783,9.361,9.62,8.881,9.464,10.135,9.775,10.155,10.291,9.889,9.844,9.699,9.576,8.387,6.485,6.386,5.957,4.921,5.485,4.424,3.299,2.42,1.467,0.92,0.373,0.119,0.121,0.041,0.041,0,0,0,0,0
2026-08-30 00:18:00,1,"Normal Scan","Normal Scan",0,"ON",1,1,1,737.1,5,20.2,96.9,54.5,0.0000000695106,0.0000181905,4.97,8954.6,8.8,736.5,1,"Up Scan","Positive",254,0,4.37,1.6,8,8,0,1,1,37.537,59.525,39.935,46.976,2.267,1980.55,50,21,NA,0,0,0,0,0,0,0,0,0,0,0,0,0,0,0,0,0,0,0,0,0,0,0,0,0,0,0,0,0,0,0,1214.848,1121.248,959.872,934.24,855.904,812.64,1106.24,1350.432,1429.6,1496.992,1716.864,1786.976,1993.28,2155.104,2268.224,2351.424,2516.48,2383.04,2347.808,2430.944,2444.928,2480.832,2628.704,2530.336,2449.408,2203.936,2018.976,1630.304,1261.056,1023.744,745.888,678.944,611.232,428.704,434.56,353.76,363.872,311.744,316.992,331.616,307.712,423.168,359.52,376.96,409.568,380.864,441.728,369.952,381.728,391.872,340.96,281.28,171.616,128.256,68.448,40.96,18.048,3.392,0,0,0,0,0,0,0,0,0,0,0,0,0,0,0,0,0,0,0,0,0,0,0,0,0,0,0,0,0,0,0,0,0,0,0,0,0,0.477,0.498,0.66,0.773,0.974,1.111,1.299,2.151,3.081,3.81,4.565,5.931,6.942,8.629,10.314,11.985,13.615,15.894,16.518,17.687,19.718,21.204,22.942,25.447,25.619,25.991,24.456,23.635,19.994,16.403,14.11,11.069,10.9,10.464,8.672,9.166,9.247,9.802,9.332,9.945,10.376,9.901,10.436,9.849,9.449,8.869,7.296,7.558,5.798,5.705,5.515,4.669,3.777,2.262,1.661,0.871,0.509,0.22,0.04,0,0,0,0,0,0,0
2026-08-30 00:23:00,1,"Normal Scan","Normal Scan",0,"ON",1,1,1,737,5,20,96.9,54.1,0.0000000694502,0.0000181809,4.97,8954.6,8.8,736.5,1,"Up Scan","Positive",254,0,4.37,1.6,8,8,0,1,1,36.79,58.276,39.523,43.714,2.232,2102.52,50,21,NA,0,0,0,0,0,0,0,0,0,0,0,0,0,0,0,0,0,0,0,0,0,0,0,0,0,0,0,0,0,0,0,719.36,995.136,939.136,956.576,1153.856,1083.2,1210.624,1555.328,1701.984,1696.96,1808,2190.848,2222.784,2417.888,2382.464,2639.424,2439.648,2633.536,2656.224,2594.496,2588.768,2723.52,2691.328,2664.416,2548.064,2286.176,2003.936,1621.792,1298.176,1046.912,836.32,694.24,568.864,502.208,398.816,366.88,375.968,342.624,337.728,396.896,378.048,404.288,429.568,368.544,460.992,392.864,376.448,430.4,392.672,338.592,308.64,259.36,193.12,131.488,72.864,31.808,13.024,1.664,5.216,0,0,0,0,0,0,0,0,0,0,0,0,0,0,0,0,0,0,0,0,0,0,0,0,0,0,0,0,0,0,0,0,0,0,0,0,0.249,0.299,0.573,0.761,0.986,1.487,1.744,2.352,3.539,4.51,5.162,6.24,8.493,9.618,11.591,12.605,15.256,15.51,18.184,19.901,21.011,22.421,24.941,26.026,26.979,27.015,25.47,23.421,19.972,16.861,14.321,12.475,11.189,10.068,9.981,9.259,9.388,10.121,10.008,10.512,10.777,10.806,10.854,10.373,8.808,9.52,7.634,6.735,6.614,5.788,4.749,4.252,3.489,2.548,1.703,0.928,0.394,0.159,0.02,0.061,0,0,0,0,0,0
2026-08-30 00:28:00,1,"Normal Scan","Normal Scan",0,"ON",1,1,1,737.3,5,20.3,97,54.3,0.0000000694691,0.0000181953,4.97,8954.6,8.8,736.5,1,"Up Scan","Positive",254,0,4.37,1.6,8,8,0,1,1,37.039,57.503,39.104,43.714,2.229,2136.51,50,21.1,NA,0,0,0,0,0,0,0,0,0,0,0,0,0,0,0,0,0,0,0,0,0,0,0,0,0,0,0,0,0,0,0,770.08,1081.152,1127.808,1354.528,1177.824,1049.92,1105.696,1503.232,1726.336,1652.608,1903.04,2224.96,2202.496,2328.32,2492.608,2553.696,2523.424,2441.312,2491.264,2592.736,2796.96,2878.496,2709.76,2713.984,2652.32,2285.376,2040.512,1673.856,1315.392,1103.296,942.976,691.648,632.288,528.224,494.24,435.04,412.608,348.384,346.688,363.584,390.272,369.824,380.96,424,348.736,338.496,343.04,344.32,336.032,346.976,295.712,281.792,188.736,159.68,74.304,33.408,19.232,10.144,10.368,3.584,0,0,0,0,0,0,0,0,0,0,0,0,0,0,0,0,0,0,0,0,0,0,0,0,0,0,0,0,0,0,0,0,0,0,0,0.28,0.311,0.635,0.91,1.385,1.547,1.691,2.134,3.441,4.569,5.042,6.58,8.614,9.518,11.144,13.151,14.818,16.054,16.929,18.76,21.083,24.111,26.292,26.215,27.481,28.256,25.517,23.891,20.775,17.276,15.277,13.947,11.146,10.889,10.174,10.396,9.949,10.239,9.986,9.778,10.201,10.176,9.9,9.807,9.679,7.94,6.89,6.499,5.515,4.988,4.925,4.178,3.814,2.489,2.067,0.943,0.416,0.235,0.121,0.122,0.041,0,0,0,0,0
2026-08-30 00:33:00,1,"Normal Scan","Normal Scan",0,"ON",1,1,1,737,5,20,97,54.1,0.0000000693786,0.0000181809,4.97,8954.6,8.8,736.5,1,"Up Scan","Positive",254,0,4.37,1.6,8,8,0,1,1,38.421,59.608,40.669,46.976,2.229,2055.19,50,20.9,NA,0,0,0,0,0,0,0,0,0,0,0,0,0,0,0,0,0,0,0,0,0,0,0,0,0,0,0,0,0,0,0,1058.784,974.752,717.728,914.688,914.912,846.144,1062.208,1253.568,1439.168,1632.736,1830.016,1867.488,2101.952,2335.52,2278.496,2412.704,2616.896,2399.36,2513.248,2483.424,2684.512,2675.392,2726.752,2654.56,2615.808,2425.984,2092.288,1717.12,1392.8,1098.016,898.4,747.936,652.832,546.688,419.488,426.592,413.824,302.112,389.536,361.696,359.584,459.328,381.92,407.808,396.384,378.592,366.24,349.728,345.28,357.088,298.368,271.872,193.312,132.48,93.024,42.592,26.08,5.024,5.248,0,0,0,0,0,0,0,0,0,0,0,0,0,0,0,0,0,0,0,0,0,0,0,0,0,0,0,0,0,0,0,0,0,0,0,0,0.229,0.423,0.561,0.567,0.943,1.2,1.377,2.056,2.871,3.833,4.969,6.318,7.256,9.095,11.171,12.042,14.008,16.568,16.667,18.904,20.21,23.338,24.595,26.415,27.056,27.746,27.07,24.512,21.309,17.942,15.209,13.457,11.79,11.421,10.351,9.335,10.415,10.383,9.425,10.725,10.191,10.413,10.795,9.887,9.616,8.628,7.451,6.621,5.752,5.256,5.083,4.102,3.672,2.584,1.714,1.181,0.53,0.318,0.06,0.061,0,0.031,0,0,0,0
2026-08-30 00:38:00,1,"Normal Scan","Normal Scan",0,"ON",1,1,1,737.3,5,20.4,97,54.1,0.0000000694992,0.0000182001,4.97,8954.6,8.8,736.5,1,"Up Scan","Positive",254,0,4.37,1.6,8,8,0,1,1,39.393,61.239,41.94,46.976,2.216,1958.35,50,21.1,NA,0,0,0,0,0,0,0,0,0,0,0,0,0,0,0,0,0,0,0,0,0,0,0,0,0,0,0,0,0,0,0,488.224,628.224,635.872,873.792,1032.672,929.92,873.92,1207.04,1308.64,1562.464,1598.912,1817.056,2055.456,2083.456,2345.952,2178.24,2351.2,2408.672,2307.584,2538.944,2502.432,2635.712,2662.816,2654.016,2529.408,2241.344,2094.72,1768.544,1351.904,1064.672,886.592,751.104,629.856,492.96,476.256,398.208,354.688,345.952,417.6,365.76,362.112,400.544,371.488,419.584,355.296,353.408,385.536,371.392,334.976,369.888,304.928,280.704,203.392,149.632,85.472,39.552,16.288,3.392,6.944,1.792,0,0,0,0,0,0,0,0,0,0,0,0,0,0,0,0,0,0,0,0,0,0,0,0,0,0,0,0,0,0,0,0,0,0,0,0.207,0.199,0.361,0.499,0.909,1.351,1.515,1.704,2.752,3.465,4.762,5.514,7.05,8.884,9.972,12.36,12.689,14.95,16.707,17.45,20.565,21.741,24.27,25.935,26.96,26.859,25.101,24.571,21.673,17.592,14.879,12.97,11.897,11.183,9.73,9.93,9.675,9.645,9.934,10.836,10.604,9.966,10.633,9.65,9.747,8.169,7.183,6.972,5.998,5.045,5.209,4.23,3.79,2.699,1.935,1.084,0.49,0.199,0.04,0.081,0.022,0.014,0,0,0,0
2026-08-30 00:43:00,1,"Normal Scan","Normal Scan",0,"ON",1,1,1,737,5,20,97,54.3,0.0000000693786,0.0000181809,4.97,8954.6,8.8,736.5,1,"Up Scan","Positive",254,0,4.37,1.6,8,8,0,1,1,38.413,60.568,40.689,50.481,2.268,1947.55,50,20.9,NA,0,0,0,0,0,0,0,0,0,0,0,0,0,0,0,0,0,0,0,0,0,0,0,0,0,0,0,0,0,0,0,1055.744,753.984,1080,863.584,959.904,1050.784,1193.184,1270.72,1346.176,1514.592,1487.456,1651.424,1901.6,2051.968,2003.904,2155.04,2423.072,2254.4,2443.552,2475.04,2373.632,2488.064,2501.792,2529.92,2392.256,2232.8,2036.64,1670.624,1269.28,1074.816,858.112,754.144,581.824,509.76,494.496,441.92,367.872,354.112,392.032,324.64,362.272,422.848,367.232,348.544,322.432,351.296,396.832,327.168,338.304,360.64,323.008,267.136,193.44,155.52,92.832,53.824,26.016,13.536,10.464,3.584,0,0,0,0,0,0,0,0,0,0,0,0,0,0,0,0,0,0,0,0,0,0,0,0,0,0,0,0,0,0,0,0,0,0,0,0.259,0.448,0.447,0.837,0.899,1.261,1.707,2.304,2.91,3.579,4.605,5.157,6.424,8.228,9.857,10.636,12.506,15.348,15.638,18.34,20.035,20.661,23.048,24.37,25.646,25.498,25.058,23.88,20.563,16.782,14.93,12.746,11.924,10.522,9.624,10.127,10.367,9.581,9.597,10.304,9.842,10.283,10.716,9.659,8.743,7.76,7.102,7.292,5.418,5.305,5.11,4.544,3.65,2.567,2.012,1.181,0.667,0.318,0.161,0.122,0.041,0.016,0,0,0,0
2026-08-30 00:48:00,1,"Normal Scan","Normal Scan",0,"ON",1,1,1,737.3,5,20.4,97,53.8,0.0000000694992,0.0000182001,4.97,8954.6,8.8,736.5,1,"Up Scan","Positive",254,0,4.37,1.6,8,8,0,1,1,38.964,61.818,41.137,50.481,2.292,2007.97,50,21.1,NA,0,0,0,0,0,0,0,0,0,0,0,0,0,0,0,0,0,0,0,0,0,0,0,0,0,0,0,0,0,0,0,1029.056,968.16,1173.28,1100.672,851.424,1263.808,913.728,1278.272,1261.696,1328.736,1542.624,1805.824,1803.744,2126.176,2166.496,2239.392,2290.784,2372.544,2426.496,2458.272,2499.488,2471.488,2580.64,2654.944,2440.192,2385.696,2039.008,1779.264,1463.008,1227.456,942.176,768.928,699.232,565.472,459.008,431.712,361.728,348.352,367.68,336.8,369.568,361.344,352.064,382.24,345.984,394.528,353.184,369.504,392.064,370.912,324.224,335.392,258.688,184.128,111.072,68.256,32.64,20.256,5.216,0,0,0,0,0,0,0,0,0,0,0,0,0,0,0,0,0,0,0,0,0,0,0,0,0,0,0,0,0,0,0,0,0,0,0,0,0.406,0.423,0.548,0.929,1.153,1.114,2.014,1.771,2.905,3.347,4.06,5.333,6.997,7.835,10.199,11.448,13.017,14.539,16.464,18.267,19.951,21.786,22.908,25.206,27.053,26.246,26.725,24.016,21.993,18.972,16.787,13.874,12.054,11.77,10.46,9.833,10.07,9.376,9.987,10.606,10.201,10.772,10.364,9.861,9.535,8.71,8.437,6.896,6.195,6.072,5.406,4.526,4.505,3.411,2.381,1.409,0.848,0.397,0.241,0.061,0,0,0,0,0,0
2026-08-30 00:53:00,1,"Normal Scan","Normal Scan",0,"ON",1,1,1,737.1,5,20.1,97,54.3,0.0000000694088,0.0000181857,4.97,8954.6,8.8,736.5,1,"Up Scan","Positive",254,0,4.37,1.6,8,8,0,1,1,39.567,61.309,40.927,43.714,2.3,2080.57,50,21,NA,0,0,0,0,0,0,0,0,0,0,0,0,0,0,0,0,0,0,0,0,0,0,0,0,0,0,0,0,0,0,0,1250.976,1409.664,1260,1231.808,1090.56,1094.784,1093.824,1127.264,1279.904,1394.784,1333.152,1638.176,1773.92,1877.248,2194.368,2215.936,2196.416,2365.76,2581.056,2601.408,2718.432,2739.456,2605.856,2656.64,2636.864,2398.944,2238.4,1971.136,1639.808,1332,1011.52,825.216,706.304,653.28,513.056,481.92,402.592,391.648,399.136,310.496,340.448,366.976,332.512,296.064,355.52,352.192,335.456,401.504,385.088,419.744,391.2,313.216,254.912,182.048,105.12,62.784,26.112,8.416,5.216,0,0,0,0,0,0,0,0,0,0,0,0,0,0,0,0,0,0,0,0,0,0,0,0,0,0,0,0,0,0,0,0,0,0,0,0,0.322,0.498,0.81,0.985,1.271,1.426,1.749,2.109,2.588,3.401,4.264,4.635,6.37,7.698,9.054,11.615,12.954,14.051,16.405,19.381,21.138,23.546,25.409,25.647,27.381,28.345,27.032,26.27,24.297,21.42,18.184,14.81,12.973,11.956,11.574,10.291,10.706,9.858,10.262,10.843,9.971,10.429,10.547,9.851,8.836,8.571,7.697,6.673,6.603,5.859,5.988,5.406,4.205,3.379,2.353,1.335,0.781,0.318,0.101,0.061,0,0.015,0,0,0,0
2026-08-30 00:58:00,1,"Normal Scan","Normal Scan",0,"ON",1,1,1,737.3,5,20.4,97,53.7,0.0000000694992,0.0000182001,4.97,8954.6,8.8,736.5,1,"Up Scan","Positive",254,0,4.37,1.6,8,8,0,1,1,40.136,61.52,41.804,43.714,2.249,2159.85,50,21.1,NA,0,0,0,0,0,0,0,0,0,0,0,0,0,0,0,0,0,0,0,0,0,0,0,0,0,0,0,0,0,0,0,925.856,1050.048,1079.2,1169.152,1125.344,1101.856,1046.112,1112.032,1311.712,1334.752,1498.24,1768.192,1817.216,2128.512,2175.808,2467.936,2491.584,2634.816,2695.68,2779.904,2846.304,3002.432,2931.68,2826.816,2775.36,2532.128,2330.08,2098.656,1639.232,1449.248,1108.096,925.632,754.368,643.648,502.56,458.112,393.152,388.32,301.536,363.232,340.832,325.728,369.984,379.552,365.696,388.768,412.32,387.392,435.456,426.528,347.488,335.904,219.36,181.632,119.136,58.368,19.552,15.264,1.76,0,0,0,0,0,0,0,0,0,0,0,0,0,0,0,0,0,0,0,0,0,0,0,0,0,0,0,0,0,0,0,0,0,0,0,0,0.322,0.373,0.598,0.873,1.221,1.476,1.778,2.042,2.534,3.48,4.071,5.198,6.872,7.925,10.255,11.556,14.375,15.903,18.271,20.266,22.529,24.699,27.693,28.734,29.057,29.899,28.581,27.433,25.842,21.216,19.566,16.022,14.15,12.386,11.554,10.429,10.219,10.223,10.697,9.803,11.01,10.324,10.324,10.539,9.749,8.895,7.871,7.71,6.572,6.564,6.02,4.85,4.517,2.907,2.35,1.51,0.726,0.238,0.181,0.02,0,0.014,0,0,0,0
2026-08-30 01:03:00,1,"Normal Scan","Normal Scan",0,"ON",1,1,1,737.3,5,20.3,97,54.2,0.0000000694691,0.0000181953,4.97,8954.6,8.8,736.5,1,"Up Scan","Positive",254,0,4.37,1.6,8,8,0,1,1,39.85,59.61,41.017,43.714,2.233,2415.47,50,21,NA,0,0,0,0,0,0,0,0,0,0,0,0,0,0,0,0,0,0,0,0,0,0,0,0,0,0,0,0,0,0,0,1498.944,1286.272,1060.416,1180.8,1078.912,1271.072,1375.392,1487.136,1393.408,1645.376,1801.76,1796.512,2178.784,2377.472,2485.344,2560.768,2795.872,2843.776,2884.192,3026.496,3113.792,3181.024,3174.24,3095.008,3135.136,2873.632,2663.2,2316.576,1972.256,1663.456,1332.384,1137.28,874.464,655.36,649.664,573.216,513.888,396.832,405.888,412.736,320.896,361.248,352.16,362.4,362.08,430.144,417.664,422.528,452.672,426.656,382.976,310.528,213.44,150.464,78.208,46.912,12.992,15.2,1.728,5.408,0,0,0,0,0,0,0,0,0,0,0,0,0,0,0,0,0,0,0,0,0,0,0,0,0,0,0,0,0,0,0,0,0,0,0,0.301,0.597,0.735,0.835,1.211,1.4,2.057,2.653,3.401,3.709,5.027,6.227,7.012,9.463,11.424,13.199,14.968,17.789,19.722,21.721,24.615,27.108,29.525,31.11,32.076,33.861,32.567,31.515,28.529,25.414,22.72,19.377,17.024,14.413,12.025,12.354,12.156,11.797,10.777,11.504,11.843,10.73,10.229,10.276,9.525,8.616,8.41,7.409,6.774,6.694,6.05,5.288,4.207,2.828,1.947,0.992,0.584,0.159,0.181,0.02,0.062,0,0,0,0,0
2026-08-30 01:08:00,1,"Normal Scan","Normal Scan",0,"ON",1,1,1,737.3,5,20.3,97,53.5,0.0000000694691,0.0000181953,4.97,8954.6,8.8,736.5,1,"Up Scan","Positive",254,0,4.37,1.6,8,8,0,1,1,39.437,58.808,40.476,46.976,2.232,2472.79,50,21,NA,0,0,0,0,0,0,0,0,0,0,0,0,0,0,0,0,0,0,0,0,0,0,0,0,0,0,0,0,0,0,0,1253.856,1257.664,1683.712,1440.992,1275.776,1375.744,1340.544,1312.192,1521.216,1708.096,1690.56,2041.408,2012.832,2308.864,2554.432,2702.08,2794.304,2874.24,2998.912,3236.544,3117.568,3243.648,3268.352,3209.376,3020.224,3018.912,2722.496,2471.2,2038.912,1662.112,1378.464,1107.872,829.152,751.36,588.448,538.944,487.936,436.704,346.336,357.504,347.456,358.176,334.56,346.976,374.848,441.728,429.024,450.208,435.392,425.312,402.464,298.368,196.288,128.768,88.064,47.328,27.648,11.744,0,5.408,0,0,0,0,0,0,0,0,0,0,0,0,0,0,0,0,0,0,0,0,0,0,0,0,0,0,0,0,0,0,0,0,0,0,0,0.405,0.498,0.722,1.346,1.496,1.663,2.212,2.597,3.006,4.05,5.216,5.859,7.953,8.747,11.13,13.554,15.74,17.809,19.962,22.57,26.156,27.23,30.085,32.227,33.131,32.796,34.09,32.076,30.298,26.359,22.455,19.703,16.873,13.515,13.143,11.581,11.617,11.511,11.317,10.54,11.27,10.966,10.461,9.872,9.395,8.71,8.458,7.386,7.235,6.552,6.086,5.507,4.04,2.621,1.666,1.118,0.588,0.338,0.141,0,0.062,0.015,0,0,0,0
2026-08-30 01:13:00,1,"Normal Scan","Normal Scan",0,"ON",1,1,1,737.3,5,20.4,97,53.9,0.0000000694992,0.0000182001,4.97,8954.6,8.8,736.5,1,"Up Scan","Positive",254,0,4.37,1.6,8,8,0,1,1,39.739,59.612,40.685,46.976,2.253,2342.8,50,21.1,NA,0,0,0,0,0,0,0,0,0,0,0,0,0,0,0,0,0,0,0,0,0,0,0,0,0,0,0,0,0,0,0,1410.496,1398.176,1274.72,1166.624,1332.768,1337.184,1410.016,1191.008,1449.856,1556.512,1589.728,1909.664,1958.976,2041.216,2441.664,2487.776,2592.896,2717.184,2893.088,2837.216,3030.016,3006.496,3092.384,3010.336,2975.648,2913.088,2643.424,2317.376,1905.696,1582.176,1277.088,1072.544,820.192,677.344,565.568,447.2,418.88,335.52,363.904,296.832,335.456,405.952,281.504,383.296,386.112,453.728,496.832,468.704,424.64,444.672,327.392,287.712,210.304,140.64,86.688,49.344,27.808,3.392,3.488,3.584,0,0,0,0,0,0,0,0,0,0,0,0,0,0,0,0,0,0,0,0,0,0,0,0,0,0,0,0,0,0,0,0,0,0,0,0.415,0.572,0.821,1.012,1.211,1.737,2.148,2.729,2.719,3.853,4.732,5.496,7.439,8.52,9.859,12.93,14.512,16.536,18.901,21.731,23.133,26.464,28.004,30.397,31.116,32.202,32.84,31.051,28.469,24.496,21.255,18.148,15.945,13.435,11.956,11.153,10.692,10.309,10.164,10.77,10.55,11.008,11.241,9.111,9.563,8.715,8.776,8.451,7.434,6.37,6.338,4.499,3.907,2.774,1.821,1.099,0.613,0.338,0.04,0.041,0.045,0,0,0,0,0
2026-08-30 01:18:00,1,"Normal Scan","Normal Scan",0,"ON",1,1,1,737.1,5,20.1,97,53.5,0.0000000694088,0.0000181857,4.97,8954.6,8.8,736.5,1,"Up Scan","Positive",254,0,4.37,1.6,8,8,0,1,1,37.942,59.114,39.587,46.976,2.292,2289.49,50,21,NA,0,0,0,0,0,0,0,0,0,0,0,0,0,0,0,0,0,0,0,0,0,0,0,0,0,0,0,0,0,0,0,1437.248,1443.68,1321.984,1362.848,1172.896,1387.808,1522.272,1521.12,1676.224,1742.912,1738.592,1935.136,2114.24,2312.928,2408.928,2430.336,2591.936,2574.24,2584.256,2631.2,2654.976,2782.368,2815.2,2630.496,2744.544,2651.328,2432.256,2072.448,1866.016,1492.32,1148.608,939.712,770.912,638.592,524.96,444.992,375.904,360.064,313.184,364.096,356.48,325.792,390.816,408.832,433.792,454.816,474.304,461.152,488.96,417.632,341.184,290.336,193.28,119.712,95.904,55.36,14.688,5.056,1.76,0,0,0,0,0,0,0,0,0,0,0,0,0,0,0,0,0,0,0,0,0,0,0,0,0,0,0,0,0,0,0,0,0,0,0,0,0.56,0.585,0.847,1.053,1.417,1.537,2.227,2.948,3.471,4.448,5.297,6.01,7.519,9.139,11.091,12.743,14.112,16.443,17.832,19.398,21.424,23.289,25.859,27.659,27.542,29.618,29.959,28.534,25.583,23.934,20.058,16.467,14.355,12.635,11.656,10.947,10.261,10.388,10.562,10.635,11.383,11.276,10.231,10.702,9.896,9.477,8.532,7.996,7.388,7.29,5.873,4.694,3.908,2.548,1.549,1.215,0.687,0.179,0.06,0.02,0,0,0,0,0,0
2026-08-30 01:23:00,1,"Normal Scan","Normal Scan",0,"ON",1,1,1,737.4,5,20.5,97,53.7,0.0000000695293,0.0000182049,4.97,8954.6,8.8,736.5,1,"Up Scan","Positive",254,0,4.37,1.6,8,8,0,1,1,37.801,59.824,40.143,30.505,2.28,2166.3,50,21.2,NA,0,0,0,0,0,0,0,0,0,0,0,0,0,0,0,0,0,0,0,0,0,0,0,0,0,0,0,0,0,0,0,1263.264,1082.304,917.024,1157.856,1265.184,1256.288,1311.744,1488.704,1471.648,1752.544,1741.376,1918.624,2163.328,2277.76,2343.904,2428.8,2599.264,2548.896,2532.256,2466.656,2515.36,2521.792,2596.8,2542.624,2564.864,2456.896,2322.016,1999.328,1640.032,1279.712,1085.984,816.48,720.416,582.656,538.56,465.6,426.176,387.808,388.576,327.136,325.76,363.808,345.76,411.808,433.824,468.864,443.104,444.64,438.176,409.408,319.392,257.952,183.552,137.088,85.408,43.424,25.248,8.448,3.456,6.4,0,0,0,0,0,0,0,0,0,0,0,0,0,0,0,0,0,0,0,0,0,0,0,0,0,0,0,0,0,0,0,0,0,0,0,0.301,0.498,0.62,0.726,1.196,1.651,2.028,2.53,3.396,3.904,5.318,5.994,7.46,9.341,10.909,12.365,14.042,16.402,17.58,18.978,20.087,21.981,23.636,25.502,26.352,27.638,27.627,27.245,24.587,21.21,17.685,15.674,12.901,12.385,10.796,10.847,10.707,10.663,10.871,11.531,10.732,10.511,10.335,9.843,9.817,9.162,8.726,7.687,7.092,6.523,5.821,4.417,3.497,2.433,1.775,1.084,0.54,0.307,0.1,0.041,0.068,0,0,0,0,0
2026-08-30 01:28:00,1,"Normal Scan","Normal Scan",0,"ON",1,1,1,737.9,5,21.2,97,53.2,0.0000000697404,0.0000182384,4.97,8954.6,8.8,736.5,1,"Up Scan","Positive",254,0,4.37,1.6,8,8,0,1,1,38.66,60.8,40.701,46.976,2.294,2096.37,49,21.4,NA,0,0,0,0,0,0,0,0,0,0,0,0,0,0,0,0,0,0,0,0,0,0,0,0,0,0,0,0,0,0,0,926.912,1067.712,1101.856,1150.144,1380.128,1157.696,1169.248,1274.592,1540.864,1651.552,1902.144,1830.368,2100.672,2107.904,2249.76,2281.152,2346.56,2267.104,2280.928,2257.28,2364.928,2460.064,2580.512,2563.008,2466.656,2405.152,2260.608,1959.296,1674.272,1341.216,1121.824,871.328,731.584,627.392,518.464,427.744,405.6,334.24,371.168,327.2,329.28,417.312,354.688,411.36,453.824,430.976,472.384,481.952,424.16,385.824,371.424,237.28,187.424,130.4,68.768,30.048,26.24,6.688,7.008,0,0,0,0,0,0,0,0,0,0,0,0,0,0,0,0,0,0,0,0,0,0,0,0,0,0,0,0,0,0,0,0,0,0,0,0,0.176,0.374,0.622,0.885,1.172,1.788,1.864,2.267,2.897,4.072,4.995,6.538,7.105,9.054,10.079,11.849,13.214,14.854,15.716,17.224,18.466,20.741,23.014,25.386,26.53,26.786,27.218,26.614,24.117,21.638,18.283,16.107,13.469,12.241,11.507,10.642,10.454,10.447,10.415,11.089,10.524,10.705,11.497,9.776,9.862,9.207,8.219,7.942,7.472,6.247,5.563,5.11,3.207,2.489,1.686,0.87,0.373,0.318,0.08,0.081,0,0.014,0,0,0,0
2026-08-30 01:33:00,1,"Normal Scan","Normal Scan",0,"ON",1,1,1,738.6,5,22.1,97,52.7,0.0000000700119,0.0000182815,4.97,8954.6,8.8,736.5,1,"Up Scan","Positive",254,0,4.37,1.6,8,8,0,1,1,36.817,59.344,39.344,32.781,2.32,2124.7,48,21.8,NA,0,0,0,0,0,0,0,0,0,0,0,0,0,0,0,0,0,0,0,0,0,0,0,0,0,0,0,0,0,0,0,1124.16,1289.792,1274.368,1229.664,1507.584,1234.816,1497.504,1566.08,1642.592,1705.472,1862.528,1969.28,2019.552,2161.408,2259.392,2321.248,2316.416,2466.784,2316.992,2269.504,2299.488,2453.888,2367.808,2390.976,2387.904,2306.944,2206.432,1870.688,1540.224,1172.832,1006.432,816.48,668.448,582.272,531.52,403.424,405.056,404.672,407.584,378.016,381.952,441.12,440.32,517.952,465.408,497.088,470.432,454.4,416.416,363.104,280.832,237.504,151.84,122.432,50.368,36.256,16.384,6.784,3.456,0,0,0,0,0,0,0,0,0,0,0,0,0,0,0,0,0,0,0,0,0,0,0,0,0,0,0,0,0,0,0,0,0,0,0,0,0.415,0.45,0.758,1.01,1.273,1.962,1.963,2.886,3.557,4.339,5.162,6.416,7.617,8.739,10.319,11.888,13.395,14.678,16.955,17.356,18.477,20.12,22.932,23.378,24.626,25.701,25.945,25.827,23.081,20.009,16.384,14.624,12.892,11.755,11.324,11.344,10.332,10.965,11.777,11.632,11.52,11.219,11.395,10.491,10.822,9.311,8.78,7.864,6.955,6.071,5.139,3.898,3.182,2.005,1.582,0.638,0.451,0.198,0.08,0.041,0,0,0,0,0,0
2026-08-30 01:38:00,1,"Normal Scan","Normal Scan",0,"ON",1,1,1,738.7,5,22.2,97,52.4,0.000000070042,0.0000182863,4.97,8954.6,8.8,736.5,1,"Up Scan","Positive",254,0,4.37,1.6,8,8,0,1,1,35.566,57.568,37.096,43.714,2.404,2046.33,47,22.1,NA,0,0,0,0,0,0,0,0,0,0,0,0,0,0,0,0,0,0,0,0,0,0,0,0,0,0,0,0,0,0,0,1866.432,1625.44,1235.904,2087.936,1844.032,1628.032,1839.744,1939.84,1743.616,1667.392,1694.304,1607.52,1697.44,1640.288,1783.68,1695.136,1885.088,2005.216,2037.024,2083.584,2122.88,2286.976,2087.008,2202.88,2257.28,2078.72,1975.424,1720.864,1473.184,1228.544,922.016,774.912,647.584,535.392,503.424,439.744,418.976,340.224,365.312,427.584,418.112,428.448,445.536,455.584,509.76,477.92,432.384,424.288,352.32,302.72,272.672,203.264,140.288,91.616,59.52,26.848,14.688,6.784,1.76,1.792,0,0,0,0,0,0,0,0,0,0,0,0,0,0,0,0,0,0,0,0,0,0,0,0,0,0,0,0,0,0,0,0,0,0,0,0.353,0.759,0.934,0.967,2.151,2.387,2.614,3.545,4.415,4.583,5.031,5.802,6.211,7.327,7.889,9.433,9.886,12.032,13.841,15.34,17.007,18.536,21.256,20.722,22.821,24.425,23.473,23.235,21.207,19.214,16.884,13.729,12.22,11.421,10.749,10.999,10.749,10.901,10.434,11.063,11.634,11.073,10.682,10.134,9.578,9.604,8.327,7.121,6.519,5.171,4.287,3.752,2.756,1.846,1.182,0.754,0.333,0.179,0.08,0.02,0.023,0,0,0,0,0
2026-08-30 01:43:00,1,"Normal Scan","Normal Scan",0,"ON",1,1,1,737.9,5,21.2,97,51.6,0.0000000697404,0.0000182384,4.97,8954.6,8.8,736.5,1,"Up Scan","Positive",254,0,4.37,1.6,8,8,0,1,1,31.368,53.301,33.375,11.14,2.468,2175.96,47,21.9,NA,0,0,0,0,0,0,0,0,0,0,0,0,0,0,0,0,0,0,0,0,0,0,0,0,0,0,0,0,0,0,0,2585.856,2772.384,2804.992,2592.256,2621.76,2609.472,2113.28,1897.504,2023.68,1671.776,1609.344,1591.84,1511.648,1729.792,1646.112,1557.792,1686.816,1790.272,1921.792,1889.312,1995.008,2016.512,2024.064,2129.888,2095.264,2058.688,1822.592,1786.848,1373.472,1198.656,1030.208,805.696,658.592,620.288,483.52,391.36,440,440.064,368.608,411.232,449.408,474.88,474.784,398.112,473.536,451.936,415.488,384.16,330.656,306.08,235.84,154.56,113.888,66.88,67.168,25.248,19.616,6.72,3.52,0,0,0,0,0,0,0,0,0,0,0,0,0,0,0,0,0,0,0,0,0,0,0,0,0,0,0,0,0,0,0,0,0,0,0,0,0.634,1.033,1.63,2.233,2.669,3.4,4.173,4.071,4.283,5.32,5.048,5.529,6.137,6.536,8.281,8.703,9.11,10.76,12.433,14.507,15.464,17.525,18.874,20.13,22.148,22.859,23.399,21.65,22.2,18.107,16.42,15.155,12.948,11.538,11.927,10.736,10.232,11.329,11.151,10.605,11.112,11.225,10.985,10.305,8.674,8.598,7.749,6.689,5.999,4.89,4.388,3.229,2.095,1.533,0.866,0.851,0.314,0.238,0.08,0.041,0,0.028,0,0,0,0
2026-08-30 01:48:00,1,"Normal Scan","Normal Scan",0,"ON",1,1,1,737.4,5,20.5,97,50.9,0.0000000695293,0.0000182049,4.97,8954.6,8.8,736.5,1,"Up Scan","Positive",254,0,4.37,1.6,8,8,0,1,1,32.617,53.371,33.604,9.647,2.468,2124.88,48,21.7,NA,0,0,0,0,0,0,0,0,0,0,0,0,0,0,0,0,0,0,0,0,0,0,0,0,0,0,0,0,0,0,0,3201.6,2761.12,2559.072,2522.176,2245.856,2417.184,2038.304,1850.528,1688.8,1501.024,1526.048,1399.744,1423.936,1408.736,1480.032,1621.984,1636.896,1733.44,1924.512,1936.448,1996.896,2141.088,2127.936,2135.52,2124.128,2042.24,1885.504,1645.856,1528.384,1204.416,1040,829.632,699.616,579.552,518.016,445.536,512.928,406.656,389.856,391.456,418.752,433.792,397.568,385.376,438.304,361.824,382.112,326.24,296.992,268.928,241.504,195.712,137.696,75.168,47.36,34.784,22.912,8.384,0,0,0,0,0,0,0,0,0,0,0,0,0,0,0,0,0,0,0,0,0,0,0,0,0,0,0,0,0,0,0,0,0,0,0,0,0,0.726,1.307,1.592,2.015,2.613,2.938,3.867,3.908,4.195,4.446,4.552,5.251,5.425,6.177,6.794,7.892,9.479,10.504,12.115,14.523,15.825,17.558,19.955,20.983,22.357,23.18,23.313,22.374,20.625,19.887,16.613,15.45,13.434,12.023,11.063,10.937,10.484,11.739,10.407,10.582,10.173,10.452,9.977,9.119,8.215,8.566,6.708,6.158,5.087,4.519,3.907,3.31,2.629,1.85,0.974,0.6,0.431,0.278,0.1,0,0,0.028,0,0,0,0
2026-08-30 01:53:00,1,"Normal Scan","Normal Scan",0,"ON",1,1,1,737.7,5,20.9,97,51.1,0.0000000696499,0.0000182241,4.97,8954.6,8.8,736.5,1,"Up Scan","Positive",254,0,4.37,1.6,8,8,0,1,1,30.127,51.398,31.981,9.647,2.496,2139.92,48,21.8,NA,0,0,0,0,0,0,0,0,0,0,0,0,0,0,0,0,0,0,0,0,0,0,0,0,0,0,0,0,0,0,0,3793.024,3095.712,3175.808,2670.752,2760.608,2456.032,2178.08,2141.056,1956.448,1524.544,1422.08,1222.56,1299.232,1284.896,1405.76,1406.976,1437.312,1659.488,1603.776,1834.112,1813.44,1941.12,1886.144,2047.648,2047.296,1993.632,1934.08,1684.128,1420.48,1230.464,978.048,807.584,678.496,588.928,529.632,493.504,503.968,502.72,421.44,442.144,427.904,420.992,396.704,375.072,400.864,359.68,342.688,338.752,257.44,257.12,196.704,135.552,119.776,72.32,42.816,25.28,26.048,6.72,1.728,0,0,0,0,0,0,0,0,0,0,0,0,0,0,0,0,0,0,0,0,0,0,0,0,0,0,0,0,0,0,0,0,0,0,0,0,0.8,1.543,1.816,2.528,2.752,3.586,3.938,4.165,4.837,5.141,4.593,4.866,4.725,5.623,6.183,7.465,8.226,9.235,11.542,12.245,15.013,16.044,18.317,18.849,21.356,22.406,22.698,22.926,20.961,18.807,17.12,14.699,13.463,11.902,11.456,11.031,11.067,11.382,11.489,10.666,10.688,10.284,9.422,8.714,7.755,7.402,6.466,5.582,5.234,3.888,3.687,2.726,1.821,1.58,0.935,0.542,0.314,0.318,0.08,0.02,0,0,0,0,0,0
2026-08-30 01:58:00,1,"Normal Scan","Normal Scan",0,"ON",1,1,1,737.3,5,20.4,97,51.7,0.0000000694992,0.0000182001,4.97,8954.6,8.8,736.5,1,"Up Scan","Positive",254,0,4.37,1.6,8,8,0,1,1,32.093,53.657,33.499,11.14,2.509,1973.82,48,21.6,NA,0,0,0,0,0,0,0,0,0,0,0,0,0,0,0,0,0,0,0,0,0,0,0,0,0,0,0,0,0,0,0,2517.28,2737.568,2930.08,2616.608,2779.712,2146.24,1951.328,1633.184,1620.8,1565.824,1390.56,1248.288,1143.36,1176.992,1210.88,1289.792,1344.768,1457.312,1529.664,1546.528,1582.816,1754.304,1807.488,1821.696,1978.496,1963.264,1836.576,1642.144,1420.128,1245.248,1054.816,809.792,717.952,619.808,579.904,501.344,498.752,518.848,426.784,423.488,420.384,420.64,417.088,393.792,396.8,359.168,295.616,314.976,244.096,212.32,214.912,150.784,105.12,77.184,45.824,30.112,16.288,5.088,1.728,0,0,0,0,0,0,0,0,0,0,0,0,0,0,0,0,0,0,0,0,0,0,0,0,0,0,0,0,0,0,0,0,0,0,0,0,0.676,1.033,1.605,2.32,2.719,3.611,3.417,3.758,3.692,4.259,4.708,4.764,4.819,4.962,5.67,6.439,7.524,8.638,10.192,11.61,12.84,14.207,16.675,18.142,19.22,21.775,22.478,22.007,20.597,18.823,17.576,15.617,13.4,12.518,11.68,11.78,11.081,11.258,11.937,10.472,10.202,9.829,9.377,8.792,8.027,7.467,6.31,4.952,4.883,3.717,3.019,2.989,2.026,1.385,1,0.581,0.373,0.199,0.06,0.02,0,0,0,0,0,0
2026-08-30 02:03:00,1,"Normal Scan","Normal Scan",0,"ON",1,1,1,737.3,5,20.4,97,51.5,0.0000000694992,0.0000182001,4.97,8954.6,8.8,736.5,1,"Up Scan","Positive",254,0,4.37,1.6,8,8,0,1,1,30.803,52.173,32.327,9.647,2.532,1986.98,49,21.5,NA,0,0,0,0,0,0,0,0,0,0,0,0,0,0,0,0,0,0,0,0,0,0,0,0,0,0,0,0,0,0,0,3812.576,3181.568,2849.568,2662.112,2732.288,2204.064,2069.184,1648.384,1503.968,1294.208,1207.168,1169.184,1149.248,1140.672,1143.392,1149.984,1415.712,1354.88,1497.152,1425.28,1616.352,1758.752,1819.296,1794.848,1912.128,1773.632,1774.848,1649.728,1423.84,1247.488,981.088,905.696,677.92,633.664,655.808,494.848,559.584,506.752,535.52,428.032,415.328,444.384,375.904,349.952,340.64,297.408,287.872,253.376,239.456,219.488,202.688,117.344,117.856,69.856,48.896,18.976,9.76,6.688,3.488,3.616,0,0,0,0,0,0,0,0,0,0,0,0,0,0,0,0,0,0,0,0,0,0,0,0,0,0,0,0,0,0,0,0,0,0,0,1.006,1.531,1.84,2.248,2.744,3.551,3.53,3.972,3.736,3.946,3.912,4.134,4.535,4.975,5.505,6.067,6.762,9.069,9.531,11.391,11.887,14.314,16.658,18.285,18.99,21.071,20.487,21.414,20.701,19.016,17.529,14.968,14.643,12.465,11.964,12.496,10.958,11.79,11.117,11.65,9.944,9.356,9.333,8.118,7.378,6.35,5.51,4.796,4.048,3.559,3.126,2.799,1.61,1.57,0.904,0.619,0.235,0.119,0.08,0.041,0.045,0.014,0,0,0,0
2026-08-30 02:08:00,1,"Normal Scan","Normal Scan",0,"ON",1,1,1,737.4,5,20.5,97,52.3,0.0000000695293,0.0000182049,4.97,8954.6,8.8,736.5,1,"Up Scan","Positive",254,0,4.37,1.6,8,8,0,1,1,31.16,52.57,32.491,9.647,2.542,1902.78,49,21.4,NA,0,0,0,0,0,0,0,0,0,0,0,0,0,0,0,0,0,0,0,0,0,0,0,0,0,0,0,0,0,0,0,3356.928,3236.512,3173.984,2756.832,2237.856,2005.088,1895.072,1529.6,1319.296,1402.528,1189.792,1098.208,1039.904,1035.52,1052.128,1165.28,1217.6,1320.48,1336.512,1480.064,1548.224,1579.328,1704.352,1721.76,1781.344,1854.176,1789.184,1637.504,1396.48,1166.016,1052.64,808.736,758.592,628.576,523.648,552.896,437.984,431.136,417.216,396.864,409.184,417.408,396.128,375.136,346.784,346.624,309.376,272.768,234.976,220.448,155.36,127.968,91.616,66.656,25.984,25.28,13.024,6.784,6.944,4.608,0,0,0,0,0,0,0,0,0,0,0,0,0,0,0,0,0,0,0,0,0,0,0,0,0,0,0,0,0,0,0,0,0,0,0,0.947,1.394,1.881,2.512,2.823,2.889,3.226,3.644,3.468,3.479,4.235,4.072,4.238,4.506,4.99,5.622,6.827,7.825,9.27,10.221,12.214,13.863,15.103,17.172,18.266,19.787,21.239,21.511,20.67,18.408,16.449,15.523,13.208,12.84,11.554,10.799,11.723,10.312,10.234,9.927,9.641,9.367,8.975,8.398,7.254,6.447,5.963,5.091,4.179,3.543,3.126,2.209,1.742,1.223,0.859,0.329,0.314,0.159,0.08,0.081,0.045,0,0,0,0,0
2026-08-30 02:13:00,1,"Normal Scan","Normal Scan",0,"ON",1,1,1,737.2,5,20.2,97,52.2,0.0000000694389,0.0000181905,4.97,8954.6,8.8,736.5,1,"Up Scan","Positive",254,0,4.37,1.6,8,8,0,1,1,32.465,53.451,33.156,9.647,2.55,1845.9,49,21.3,NA,0,0,0,0,0,0,0,0,0,0,0,0,0,0,0,0,0,0,0,0,0,0,0,0,0,0,0,0,0,0,0,3504.992,2987.424,2635.168,2628.448,2240.32,1891.36,1895.168,1447.008,1221.632,1179.904,1113.76,1050.656,1025.664,1013.472,966.944,1120.672,1129.76,1384.64,1207.424,1513.856,1529.216,1613.728,1686.528,1713.76,1679.488,1759.904,1713.76,1613.696,1411.616,1274.816,971.776,851.168,712,659.552,583.648,540.96,565.472,417.984,448.32,418.88,399.648,393.12,384.16,394.592,328.544,328.96,299.136,266.304,226.624,207.232,161.92,131.616,79.616,76.672,29.024,18.976,9.76,6.784,1.728,0,0,0,0,0,0,0,0,0,0,0,0,0,0,0,0,0,0,0,0,0,0,0,0,0,0,0,0,0,0,0,0,0,0,0,0,1.287,1.419,1.731,2.107,2.694,2.925,3.025,3.649,3.282,3.236,3.565,3.827,4.052,4.444,4.861,5.195,6.587,7.305,9.664,9.324,12.386,13.653,15.349,17.047,18.222,18.817,20.315,20.681,20.343,18.84,17.898,14.805,13.747,12.268,12.282,11.514,11.261,12.041,10.062,10.272,9.721,9.296,8.409,8.139,7.521,6.255,5.612,5,4.052,3.366,2.923,2.264,1.766,1.05,0.993,0.368,0.235,0.119,0.08,0.02,0,0,0,0,0,0
2026-08-30 02:18:00,1,"Normal Scan","Normal Scan",0,"ON",1,1,1,737.5,5,20.6,97,52.5,0.0000000695595,0.0000182097,4.97,8954.6,8.8,736.5,1,"Up Scan","Positive",254,0,4.37,1.6,8,8,0,1,1,33.914,54.567,33.829,10.366,2.56,1761.15,49,21.4,NA,0,0,0,0,0,0,0,0,0,0,0,0,0,0,0,0,0,0,0,0,0,0,0,0,0,0,0,0,0,0,0,3281.632,3346.72,2160.576,2115.904,2082.592,1862.016,1617.056,1422.88,1221.28,1000.768,1082.592,924.768,907.712,889.152,945.376,971.136,1238.08,1152.096,1361.024,1423.84,1517.088,1562.112,1527.328,1648.48,1721.472,1751.104,1692.768,1607.232,1449.536,1218.016,934.496,853.376,741.088,587.36,534.464,481.696,511.904,452.768,392.992,467.2,483.136,405.344,328.384,326.976,334.528,281.28,282.976,247.968,241.056,217.952,158.432,150.048,91.488,77.792,35.36,9.536,16.256,5.056,3.488,0,0,0,0,0,0,0,0,0,0,0,0,0,0,0,0,0,0,0,0,0,0,0,0,0,0,0,0,0,0,0,0,0,0,0,0,0.851,1.333,1.941,1.703,2.166,2.722,2.992,3.107,3.221,3.207,3.02,3.707,3.587,3.937,4.314,5.049,5.748,7.938,8.089,10.352,11.749,13.509,14.926,15.604,17.632,19.084,20.202,20.415,20.229,19.108,16.81,14.305,13.852,12.522,11.209,11.32,10.478,10.837,10.148,9.441,10.325,10.143,8.788,7.404,6.673,6.445,5.066,4.738,3.799,3.563,3.107,2.191,2.033,1.21,1.008,0.449,0.118,0.199,0.06,0.041,0,0,0,0,0,0
2026-08-30 02:23:00,1,"Normal Scan","Normal Scan",0,"ON",1,1,1,737.1,5,20,97.1,52.7,0.0000000693072,0.0000181809,4.97,8954.6,8.8,736.5,1,"Up Scan","Positive",254,0,4.37,1.6,8,8,0,1,1,36.559,56.629,35.318,9.647,2.568,1616.76,48,21.2,NA,0,0,0,0,0,0,0,0,0,0,0,0,0,0,0,0,0,0,0,0,0,0,0,0,0,0,0,0,0,0,0,2713.728,2664.896,2396.64,2091.008,1862.304,1557.056,1254.048,1005.344,973.408,909.184,872.384,821.824,702.432,840.256,891.936,934.784,1053.344,1106.848,1208.352,1305.056,1421.888,1510.944,1493.472,1586.56,1652.192,1650.912,1686.784,1507.776,1404.448,1224.064,1020.16,788.576,643.584,617.248,554.944,503.392,479.712,487.584,396.192,424.288,403.328,377.568,316.992,363.584,293.408,295.744,278.624,227.52,228.096,201.12,158.336,150.816,88.48,47.2,41.28,29.984,9.824,3.36,1.728,0,0,0,0,0,0,0,0,0,0,0,0,0,0,0,0,0,0,0,0,0,0,0,0,0,0,0,0,0,0,0,0,0,0,0,0,0.82,1.108,1.532,1.908,2.144,2.427,2.49,2.418,2.286,2.56,2.753,3.008,3.189,3.073,4.069,4.781,5.532,6.821,7.812,9.242,10.836,12.736,14.457,15.189,16.959,18.511,19.238,20.153,19.082,18.549,17.111,15.283,12.925,11.28,11.474,11.057,10.567,10.301,10.829,9.222,9.457,9.042,8.319,6.948,7.158,5.887,5.225,4.459,3.621,3.425,2.874,2.19,2.022,1.167,0.611,0.523,0.373,0.119,0.04,0.02,0,0,0,0,0,0
2026-08-30 02:28:00,1,"Normal Scan","Normal Scan",0,"ON",1,1,1,737.3,5,20.4,97,52.3,0.0000000694992,0.0000182001,4.97,8954.6,8.8,736.5,1,"Up Scan","Positive",254,0,4.37,1.6,8,8,0,1,1,36.815,56.878,35.714,9.647,2.552,1585.24,49,21.2,NA,0,0,0,0,0,0,0,0,0,0,0,0,0,0,0,0,0,0,0,0,0,0,0,0,0,0,0,0,0,0,0,2587.712,2335.904,2204.16,1947.68,1601.536,1644.256,1413.824,1175.744,1041.984,890.08,896.224,733.984,726.496,717.984,865.312,963.136,1062.752,1100.192,1327.488,1268.032,1461.536,1506.624,1494.016,1568.448,1594.08,1568.384,1611.2,1574.08,1321.024,1199.136,926.72,832.544,734.592,584,511.424,495.968,473.344,403.808,406.848,424.352,405.312,371.008,409.792,306.976,343.392,281.28,260.384,246.496,237.568,198.4,166.272,105.984,69.792,48.672,42.784,15.776,14.656,6.72,0,0,0,0,0,0,0,0,0,0,0,0,0,0,0,0,0,0,0,0,0,0,0,0,0,0,0,0,0,0,0,0,0,0,0,0,0,0.768,1.046,1.37,1.752,2.004,2.086,2.637,2.699,2.666,2.732,2.692,3.069,2.862,3.165,3.517,4.643,5.697,6.868,7.745,10.083,10.51,12.948,14.351,15.232,16.785,17.828,18.196,19.539,19.751,17.56,16.666,14.095,13.254,12.444,11.121,10.444,10.473,10.613,9.381,9.623,9.349,8.971,8.095,8.201,6.489,6.193,4.851,4.199,3.868,3.529,2.858,2.269,1.424,0.937,0.63,0.542,0.196,0.179,0.08,0,0,0.014,0,0,0,0
2026-08-30 02:33:00,1,"Normal Scan","Normal Scan",0,"ON",1,1,1,737.3,5,20.2,97.1,52.9,0.0000000693674,0.0000181905,4.97,8954.6,8.8,736.5,1,"Up Scan","Positive",254,0,4.37,1.6,8,8,0,1,1,30.018,51.826,31.146,9.647,2.629,1734.41,49,21.2,NA,0,0,0,0,0,0,0,0,0,0,0,0,0,0,0,0,0,0,0,0,0,0,0,0,0,0,0,0,0,0,0,4998.752,3866.912,2674.624,2885.856,2100.928,1814.784,1406.4,1140.064,958.752,897.376,710.4,831.648,751.904,759.328,770.368,908.928,1051.456,1091.712,1224.8,1283.2,1281.504,1299.648,1431.872,1602.56,1623.2,1642.816,1517.376,1452.96,1307.104,1089.888,975.392,762.656,653.184,555.136,459.488,495.104,411.392,424.576,385.12,389.856,444.288,330.24,408.096,370.88,361.184,335.808,316.448,243.776,189.088,175.936,160.928,115.776,70.624,37.696,30.56,14.272,4.864,1.696,0,0,0,0,0,0,0,0,0,0,0,0,0,0,0,0,0,0,0,0,0,0,0,0,0,0,0,0,0,0,0,0,0,0,0,0,0,1.307,2.016,2.267,2.138,2.977,2.699,2.903,2.693,2.579,2.519,2.718,2.446,3.221,3.277,3.698,4.146,5.337,6.732,7.678,9.369,10.654,11.544,12.517,14.593,16.996,18.009,18.99,18.348,18.343,17.131,15.276,14.526,12.243,11.412,10.673,9.992,10.327,10.003,9.965,9.329,9.154,9.653,7.468,7.821,7.092,6.552,5.579,4.896,3.716,2.805,2.46,2.197,1.552,0.931,0.488,0.387,0.177,0.06,0.02,0,0,0,0,0,0,0
2026-08-30 02:38:00,1,"Normal Scan","Normal Scan",0,"ON",1,1,1,737.3,5,20.3,97,52.4,0.0000000694691,0.0000181953,4.97,8954.6,8.8,736.5,1,"Up Scan","Positive",254,0,4.37,1.6,8,8,0,1,1,28.244,51.639,31.16,9.647,2.607,1689,49,21.1,NA,0,0,0,0,0,0,0,0,0,0,0,0,0,0,0,0,0,0,0,0,0,0,0,0,0,0,0,0,0,0,0,4285.824,3347.776,2893.856,2350.72,2046.88,1771.008,1584.288,1525.6,1238.048,1204.992,1027.008,836.608,888.192,836.032,815.008,903.744,933.344,998.784,1149.792,1157.76,1206.88,1298.336,1350.88,1355.136,1445.696,1514.816,1395.552,1426.144,1215.968,1098.176,858.08,739.744,561.056,543.52,489.856,484.256,431.968,479.136,476.672,406.72,479.904,353.76,386.88,325.28,331.2,289.888,279.712,251.872,195.904,171.712,150.176,103.264,80.544,39.936,19.744,9.472,4.896,0,0,0,0,0,0,0,0,0,0,0,0,0,0,0,0,0,0,0,0,0,0,0,0,0,0,0,0,0,0,0,0,0,0,0,0,0,0,1.193,1.719,1.953,2.302,2.416,2.662,2.852,3.026,3.464,3.261,3.622,3.521,3.229,3.824,4.035,4.356,5.293,6.018,7.04,8.731,9.604,10.858,12.378,13.793,14.519,16.221,17.528,16.849,17.838,16.256,15.435,13.029,12.324,10.396,10.678,10.547,10.159,9.965,10.464,10.366,9.135,10.11,7.55,7.688,6.329,5.913,4.968,4.432,3.721,2.849,2.4,2.053,1.385,1.078,0.515,0.252,0.118,0.06,0,0,0,0.015,0,0,0,0
2026-08-30 02:43:00,1,"Normal Scan","Normal Scan",0,"ON",1,1,1,737.4,5,20.4,97.1,53,0.0000000694276,0.0000182001,4.97,8954.6,8.8,736.5,1,"Up Scan","Positive",254,0,4.37,1.6,8,8,0,1,1,30.648,54.112,33.312,10.366,2.555,1606.93,49,21.2,NA,0,0,0,0,0,0,0,0,0,0,0,0,0,0,0,0,0,0,0,0,0,0,0,0,0,0,0,0,0,0,0,2521.792,2610.432,2017.984,1937.536,1720.224,1768.576,1948.064,1793.696,1589.824,1277.184,1235.36,991.456,937.472,928.096,1037.44,860.672,978.432,1116.416,1077.568,1108.704,1161.088,1203.328,1324.48,1366.848,1451.584,1528.224,1484.096,1352.608,1247.2,1010.592,850.848,730.016,542.112,505.6,405.824,460.096,384.64,427.104,427.936,415.616,434.304,406.752,454.624,421.6,367.584,300.64,271.104,251.104,197.504,166.496,140.576,92.288,65.6,47.232,33.6,17.408,8.128,8.512,0,0,0,0,0,0,0,0,0,0,0,0,0,0,0,0,0,0,0,0,0,0,0,0,0,0,0,0,0,0,0,0,0,0,0,0,0,0.758,1.021,1.495,1.602,2.004,2.234,2.835,3.743,4.066,4.171,3.861,4.211,3.836,4.053,4.451,5.474,5.048,6.255,7.777,8.234,9.243,10.502,11.672,13.466,14.684,16.145,17.643,17.823,16.94,16.341,14.131,12.825,12.07,10.044,10.167,9.318,10.187,9.709,10.402,9.833,9.341,9.092,8.557,8.588,7.758,6.402,5.04,4.409,3.818,2.964,2.354,1.976,1.239,0.884,0.611,0.426,0.216,0.099,0.101,0,0,0.014,0,0,0,0
2026-08-30 02:48:00,1,"Normal Scan","Normal Scan",0,"ON",1,1,1,737.2,5,20.1,97.1,52.8,0.0000000693373,0.0000181857,4.97,8954.6,8.8,736.5,1,"Up Scan","Positive",254,0,4.37,1.6,8,8,0,1,1,22.6,49.165,29.342,9.647,2.576,1802.61,49,21.1,NA,0,0,0,0,0,0,0,0,0,0,0,0,0,0,0,0,0,0,0,0,0,0,0,0,0,0,0,0,0,0,0,3539.136,3251.072,3133.024,3186.24,2797.792,2702.912,2095.776,2313.664,1667.104,1420.288,1324.64,1095.488,999.84,908.352,957.44,869.92,968.896,920.48,1032.608,1121.92,1168,1190.976,1296.96,1303.872,1327.904,1368.192,1369.408,1376.576,1204.96,952.096,751.616,674.528,523.232,430.496,450.624,427.776,417.728,425.984,481.408,467.04,433.056,432.768,478.048,434.176,397.056,333.376,283.008,262.816,205.76,141.28,110.4,103.84,54.144,47.264,19.744,14.208,8.128,5.088,3.52,0,0,0,0,0,0,0,0,0,0,0,0,0,0,0,0,0,0,0,0,0,0,0,0,0,0,0,0,0,0,0,0,0,0,0,0,0.934,1.407,1.88,2.506,3.283,3.658,4.328,4.013,5.251,4.38,4.28,4.52,4.223,4.292,4.358,5.083,5.101,6.212,6.512,7.872,9.253,10.424,11.466,13.283,13.965,14.798,15.776,16.52,17.028,15.814,13.591,11.673,11.229,10.106,9.526,10.009,10.037,10.428,10.258,10.912,10.114,9.367,8.852,8.804,7.6,6.882,5.386,4.57,3.91,3.018,1.993,1.56,1.41,0.715,0.611,0.252,0.177,0.099,0.06,0.041,0,0,0,0,0,0
2026-08-30 02:53:00,1,"Normal Scan","Normal Scan",0,"ON",1,1,1,737.5,5,20.5,97.1,53,0.0000000694577,0.0000182049,4.97,8954.6,8.8,736.5,1,"Up Scan","Positive",254,0,4.37,1.6,8,8,0,1,1,22.981,48.336,29.268,9.647,2.542,1815.94,49,21.2,NA,0,0,0,0,0,0,0,0,0,0,0,0,0,0,0,0,0,0,0,0,0,0,0,0,0,0,0,0,0,0,0,3429.92,3108.192,3380.32,2901.28,2861.6,2644.992,2427.712,2001.344,1750.144,1426.592,1355.008,1238.976,969.28,977.536,905.664,835.648,1114.464,1026.336,1247.04,1220.864,1248.832,1307.552,1292.096,1355.808,1251.808,1347.424,1361.056,1289.12,1134.112,966.368,783.136,650.496,541.088,416.128,476.736,460.256,384.96,459.744,487.264,479.968,432.384,427.872,450.816,446.784,374.688,293.952,285.248,221.76,200.416,170.72,100.672,61.152,47.168,35.424,19.904,12.64,8.128,1.696,1.728,0,0,0,0,0,0,0,0,0,0,0,0,0,0,0,0,0,0,0,0,0,0,0,0,0,0,0,0,0,0,0,0,0,0,0,0,1.153,1.394,1.842,2.682,2.993,3.737,4.242,4.662,4.556,4.62,4.304,4.62,4.765,4.193,4.696,4.823,4.937,7.107,7.18,9.399,9.928,11.092,12.365,13.13,14.448,14.067,15.585,16.313,16.182,14.951,13.804,12.093,10.998,10.487,9.258,10.384,10.287,9.714,10.802,10.71,10.132,8.944,8.536,8.446,7.727,6.215,4.755,4.407,3.363,2.941,2.402,1.401,0.821,0.621,0.458,0.252,0.157,0.099,0.02,0.02,0,0,0,0,0,0
2026-08-30 02:58:00,1,"Normal Scan","Normal Scan",0,"ON",1,1,1,737.1,5,20,97.1,53.2,0.0000000693072,0.0000181809,4.97,8954.6,8.8,736.5,1,"Up Scan","Positive",254,0,4.37,1.6,8,8,0,1,1,24.895,47.875,29.697,9.647,2.483,1895.86,49,21,NA,0,0,0,0,0,0,0,0,0,0,0,0,0,0,0,0,0,0,0,0,0,0,0,0,0,0,0,0,0,0,0,3323.36,2901.6,3044.48,2782.112,2480.896,2747.424,2657.12,2318.048,1822.816,1702.144,1384.224,1228.224,1137.888,1219.68,1082.912,1264.384,1358.272,1349.984,1390.208,1406.944,1436,1472.192,1516.672,1421.408,1460.064,1321.984,1345.088,1225.888,1140.96,868.128,793.216,595.616,547.936,477.472,460.672,411.264,479.904,459.072,442.464,497.632,541.568,508.544,448.512,438.4,361.248,304.896,272.32,193.888,167.36,163.616,111.04,71.936,49.856,26.592,12.256,11.072,6.464,0,1.728,0,0,0,0,0,0,0,0,0,0,0,0,0,0,0,0,0,0,0,0,0,0,0,0,0,0,0,0,0,0,0,0,0,0,0,0,1.111,1.307,1.717,2.401,2.888,3.252,4.404,5.1,5.255,4.8,5.126,4.741,4.754,4.93,5.857,5.769,7.361,8.618,9.366,10.447,11.461,12.529,13.822,15.046,14.99,16.065,15.293,16.149,15.435,15.192,12.519,12.361,10.579,10.386,10.258,10.593,10.061,11.036,10.507,9.989,10.541,10.401,9.282,8.445,7.561,6.083,4.889,4.164,2.878,2.491,2.274,1.534,0.966,0.657,0.344,0.155,0.137,0.079,0,0.02,0,0,0,0,0,0
2026-08-30 03:03:00,1,"Normal Scan","Normal Scan",0,"ON",1,1,1,737.4,5,20.4,97.1,52.9,0.0000000694276,0.0000182001,4.97,8954.6,8.8,736.5,1,"Up Scan","Positive",254,0,4.37,1.6,8,8,0,1,1,23.132,34.063,24.907,15.963,2.004,4473.22,50,21.2,NA,0,0,0,0,0,0,0,0,0,0,0,0,0,0,0,0,0,0,0,0,0,0,0,0,0,0,0,0,0,0,0,5286.88,5458.368,6265.056,5874.432,6075.744,6063.808,5866.304,6448.864,6272.16,5425.632,5206.4,4444.928,4519.84,5103.296,5915.136,6109.408,5852.16,5889.344,5877.216,5029.76,4511.712,3554.688,2937.12,2375.264,1901.184,1628.448,1378.24,1307.52,1158.432,939.68,741.856,559.072,465.792,463.232,408.512,428.608,460.256,415.744,458.368,447.968,481.952,498.016,435.872,450.048,360.832,299.456,266.688,215.616,183.072,138.688,106.016,63.168,50.016,31.008,18.368,9.44,6.528,0,1.728,0,0,0,0,0,0,0,0,0,0,0,0,0,0,0,0,0,0,0,0,0,0,0,0,0,0,0,0,0,0,0,0,0,0,0,0,1.505,2.128,3.198,4.984,6.073,7.916,9.754,11.296,14.623,16.531,16.445,17.908,17.231,19.603,24.493,30.994,34.944,36.269,39.369,42.15,38.74,37.169,31.403,27.871,24.044,20.454,18.347,16.358,16.226,15.268,13.371,11.679,9.829,9.394,9.671,9.695,10.183,10.62,10.236,10.085,9.552,9.59,9.376,7.972,7.74,5.976,4.848,4.128,3.234,2.657,1.958,1.466,0.848,0.659,0.401,0.232,0.118,0.079,0,0.02,0,0,0,0,0,0
2026-08-30 03:08:00,1,"Normal Scan","Normal Scan",0,"ON",1,1,1,737.1,5,20,97.1,53.5,0.0000000693072,0.0000181809,4.97,8954.6,8.8,736.5,1,"Up Scan","Positive",254,0,4.37,1.6,8,8,0,1,1,24.087,33.094,25.374,28.387,1.882,5339.39,49,21,NA,0,0,0,0,0,0,0,0,0,0,0,0,0,0,0,0,0,0,0,0,0,0,0,0,0,0,0,0,0,0,0,4364.064,4603.488,4883.776,5340.512,5375.328,6018.176,6861.824,7045.6,6781.856,7403.136,7976.544,8433.76,8546.336,8890.272,9274.528,9632.768,8871.648,7721.888,6545.216,5447.104,4643.328,3665.888,2934.08,2518.464,2099.52,1651.072,1431.648,1349.12,1020.896,886.56,764.352,654.976,516.448,396.8,386.624,426.464,426.688,403.296,469.728,506.112,494.336,516.416,427.936,425.376,383.264,339.712,273.376,209.056,168.224,131.36,122.368,76.96,48.32,28.192,19.744,15.744,6.592,1.696,0,1.792,0,0,0,0,0,0,0,0,0,0,0,0,0,0,0,0,0,0,0,0,0,0,0,0,0,0,0,0,0,0,0,0,0,0,0,1.163,1.768,2.708,3.895,5.534,7.027,9.698,13.243,16.071,17.96,22.47,27.512,32.628,36.741,42.165,48.211,54.547,54.417,51.239,46.87,41.975,38.234,32.378,27.808,25.25,22.333,18.764,17.119,16.677,13.553,12.632,11.851,11.058,10.11,9.084,9.4,10.428,10.069,9.874,10.475,10.7,9.828,9.566,7.78,7.57,6.431,5.444,4.243,3.15,2.446,1.883,1.687,1.051,0.638,0.365,0.252,0.196,0.079,0.02,0,0.021,0,0,0,0,0
2026-08-30 03:13:00,1,"Normal Scan","Normal Scan",0,"ON",1,1,1,737.5,5,20.5,97.1,53,0.0000000694577,0.0000182049,4.97,8954.6,8.8,736.5,1,"Up Scan","Positive",254,0,4.37,1.6,8,8,0,1,1,27.666,36.642,28.253,30.505,1.89,4592.68,50,21.2,NA,0,0,0,0,0,0,0,0,0,0,0,0,0,0,0,0,0,0,0,0,0,0,0,0,0,0,0,0,0,0,0,3966.496,3300.864,3104.224,3247.936,3113.248,3221.664,3842.464,4164.8,4902.72,4795.328,5179.744,6069.6,7445.248,7571.296,8357.696,9271.456,9796.352,9071.456,7508.096,6408.672,5218.944,4210.528,3402.528,2600.448,2118.592,1693.056,1513.248,1300.864,1100.32,895.68,705.312,590.72,456.8,446.048,388.896,397.824,418.688,463.136,454.016,501.12,558.752,491.872,471.872,415.936,384.672,317.6,233.664,218.528,167.52,158.784,128.032,79.136,38.432,45.856,19.84,11.008,6.496,0,1.728,0,0,0,0,0,0,0,0,0,0,0,0,0,0,0,0,0,0,0,0,0,0,0,0,0,0,0,0,0,0,0,0,0,0,0,0,1.027,1.606,1.927,2.453,3.364,4.072,5.198,7.466,9.525,12.988,14.649,18.004,23.732,32.232,36.144,43.705,52.65,60.199,60.128,53.594,49.113,42.837,37.042,31.933,26.043,22.575,19.004,17.817,16.259,14.411,12.702,11.167,10.436,9.269,9.745,9.74,9.863,10.199,10.672,10.222,10.441,10.76,9.175,8.726,7.436,6.486,5.006,3.776,3.29,2.462,2.21,1.766,1.062,0.507,0.593,0.252,0.137,0.079,0,0.02,0,0,0,0,0,0
2026-08-30 03:18:00,1,"Normal Scan","Normal Scan",0,"ON",1,1,1,737.2,5,20.1,97.1,53.7,0.0000000693373,0.0000181857,4.97,8954.6,8.8,736.5,1,"Up Scan","Positive",254,0,4.37,1.6,8,8,0,1,1,29.269,35.752,28.305,30.505,1.858,5651.05,50,21.1,NA,0,0,0,0,0,0,0,0,0,0,0,0,0,0,0,0,0,0,0,0,0,0,0,0,0,0,0,0,0,0,0,5183.744,4695.232,4060.352,4642.784,4790.048,4712,4894.848,4731.456,4978.624,4641.76,4564.832,4776.192,5470.784,8226.944,9977.12,11026.528,12198.432,12093.632,11916,10538.272,8582.368,6765.536,5226.592,3833.312,2595.552,2017.568,1536.96,1323.808,1113.312,909.28,729.6,600.352,485.952,483.872,414.688,427.936,423.264,483.392,521.184,514.912,530.752,535.424,512.832,464.192,352.032,309.76,254.336,212.352,172.352,128.768,103.52,59.168,43.264,20.736,9.152,9.472,4.864,1.696,0,0,0,0,0,0,0,0,0,0,0,0,0,0,0,0,0,0,0,0,0,0,0,0,0,0,0,0,0,0,0,0,0,0,0,0,0,1.402,2.103,2.776,3.224,4.805,6.263,7.545,9.432,10.799,13.23,14.231,15.992,18.983,24.267,39.855,52.732,63.223,75.384,80.521,84.907,80.246,69.812,58.638,48.347,37.671,27.302,22.512,18.141,16.478,14.751,13.094,11.443,10.658,9.943,10.52,9.94,10.514,10.55,11.102,10.993,10.468,10.271,9.705,9.083,7.867,5.831,4.909,3.856,3.106,2.526,1.79,1.429,0.793,0.571,0.269,0.116,0.118,0.06,0.02,0,0,0,0,0,0,0
2026-08-30 03:23:00,1,"Normal Scan","Normal Scan",0,"ON",1,1,1,737.4,5,20.4,97.1,53.2,0.0000000694276,0.0000182001,4.97,8954.6,8.8,736.5,1,"Up Scan","Positive",254,0,4.37,1.6,8,8,0,1,1,23.7,30.284,24.43,28.387,1.781,8222.95,50,21.1,NA,0,0,0,0,0,0,0,0,0,0,0,0,0,0,0,0,0,0,0,0,0,0,0,0,0,0,0,0,0,0,0,6597.12,7397.504,7379.424,7756.032,8494.432,9432.768,10740.48,11377.248,11953.056,12177.792,12405.248,12816.96,13275.68,13852.288,13643.36,14023.168,13492.032,12313.696,11551.264,9965.408,8447.104,6931.008,5291.296,3709.344,2677.76,1945.312,1542.304,1270.688,1080.032,833.824,713.6,577.568,505.28,398.464,437.984,443.392,460.352,508.928,492.768,521.472,568.384,503.2,461.056,440.288,393.984,294.4,243.136,206.528,189.376,150.72,100.448,52.768,38.528,28,13.824,6.272,3.296,3.328,3.488,0,0,0,0,0,0,0,0,0,0,0,0,0,0,0,0,0,0,0,0,0,0,0,0,0,0,0,0,0,0,0,0,0,0,0,0,1.735,2.652,4.332,5.879,8.026,11.076,15.174,20.768,25.908,31.614,36.947,42.675,49.491,57.112,65.874,71.161,79.687,83.232,81.915,82.283,75.985,68.685,60.076,48.83,36.513,27.963,21.661,18.152,15.91,14.236,12.206,11.389,10.463,10.083,9.284,10.592,10.484,10.68,11.474,10.772,10.636,10.573,9.339,8.428,7.706,6.318,4.678,3.736,3.122,2.682,2.137,1.389,0.723,0.508,0.363,0.174,0.078,0.04,0.04,0.041,0,0,0,0,0,0
2026-08-30 03:28:00,1,"Normal Scan","Normal Scan",0,"ON",1,1,1,737.3,5,20.2,97.1,53.8,0.0000000693674,0.0000181905,4.97,8954.6,8.8,736.5,1,"Up Scan","Positive",254,0,4.37,1.6,8,8,0,1,1,26.454,34.285,27.068,26.416,1.837,5902.91,50,21.1,NA,0,0,0,0,0,0,0,0,0,0,0,0,0,0,0,0,0,0,0,0,0,0,0,0,0,0,0,0,0,0,0,4783.872,3924.448,4142.528,4415.552,5102.208,5207.456,5591.232,5894.208,6331.84,7109.984,7837.664,8748.608,9546.848,10410.592,10765.984,10552.224,10535.264,9817.472,8718.72,8848.384,8241.28,6697.344,4761.216,3343.264,2323.872,1850.432,1521.888,1187.616,1073.6,812.064,649.696,555.52,512.896,471.36,452.928,393.568,457.92,539.072,479.232,439.232,507.072,564.288,475.008,465.6,372.608,346.464,299.2,215.872,178.816,140.256,100.16,67.84,46.912,28,18.304,9.536,6.496,1.664,0,0,0,0,0,0,0,0,0,0,0,0,0,0,0,0,0,0,0,0,0,0,0,0,0,0,0,0,0,0,0,0,0,0,0,0,0,1.318,1.917,2.304,3.31,4.598,6.646,8.395,10.792,13.479,16.857,21.671,27.131,33.913,41.172,49.521,56.354,60.444,65.338,65.531,62.411,67.532,67.042,57.991,44.02,32.992,24.442,20.598,17.888,15.083,14.362,11.806,10.451,10.316,10.143,9.957,10.385,10.33,10.862,12.07,10.693,9.755,9.978,10.348,8.606,7.922,6.185,5.514,4.563,3.22,2.622,1.973,1.37,0.911,0.619,0.363,0.232,0.118,0.079,0.02,0,0,0,0,0,0,0
2026-08-30 03:33:00,1,"Normal Scan","Normal Scan",0,"ON",1,1,1,737.3,5,20.2,97.1,53.4,0.0000000693674,0.0000181905,4.97,8954.6,8.8,736.5,1,"Up Scan","Positive",254,0,4.37,1.6,8,8,0,1,1,25.105,31.275,25.74,24.582,1.737,8320.61,50,21.1,NA,0,0,0,0,0,0,0,0,0,0,0,0,0,0,0,0,0,0,0,0,0,0,0,0,0,0,0,0,0,0,0,6011.04,4665.056,6291.136,6230.592,6709.28,7189.152,7710.272,8796.16,9679.84,11721.6,13384.032,15249.248,16486.144,16732.96,15741.248,14404.224,14733.6,14457.856,13150.496,11517.824,9839.328,7817.28,5678.08,4107.552,2667.936,2030.816,1573.216,1276.64,1027.936,832.224,638.24,575.264,513.536,419.808,434.848,458.08,473.568,425.28,452.512,463.712,504.576,501.28,501.792,422.72,393.632,324.48,334.432,206.24,148.288,113.12,81.472,69.28,31.456,30.976,16.768,4.736,1.6,3.328,1.76,0,0,0,0,0,0,0,0,0,0,0,0,0,0,0,0,0,0,0,0,0,0,0,0,0,0,0,0,0,0,0,0,0,0,0,0,1.37,2.427,2.74,5.042,6.479,8.789,11.609,14.975,20.123,25.75,35.652,46.081,58.896,70.879,79.448,82.126,82.165,90.974,96.015,93.586,87.596,79.851,67.511,52.224,40.201,27.842,22.455,18.488,16.011,13.729,12.025,10.436,10.262,9.926,9.37,10.121,10.75,11.273,10.074,10.255,9.946,10.133,9.141,8.639,7.158,6.432,5.05,5.118,3.054,2.131,1.6,1.114,0.946,0.414,0.401,0.213,0.059,0.02,0.04,0.02,0,0,0,0,0,0
2026-08-30 03:38:00,1,"Normal Scan","Normal Scan",0,"ON",1,1,1,737.4,5,20.4,97.1,53.9,0.0000000694276,0.0000182001,4.97,8954.6,8.8,736.5,1,"Up Scan","Positive",254,0,4.37,1.6,8,8,0,1,1,25.261,30.696,25.449,28.387,1.712,8830.48,50,21.1,NA,0,0,0,0,0,0,0,0,0,0,0,0,0,0,0,0,0,0,0,0,0,0,0,0,0,0,0,0,0,0,0,5125.952,5233.632,6019.872,6434.08,7067.424,7943.168,9024.64,10578.624,11667.04,12680.576,13669.824,14225.888,16213.984,17795.552,18681.312,18758.112,17827.04,16001.952,14205.12,11753.28,9092.032,6658.656,4829.472,3523.328,2637.088,1819.424,1511.264,1208.832,1074.144,772.768,712.608,589.216,452.992,405.184,385.984,450.176,406.208,441.824,441.568,456.896,532.128,505.088,478.464,471.904,390.336,359.84,247.936,226.592,183.872,159.616,80.288,69.216,37.12,25.184,19.744,7.84,0,1.664,1.76,0,0,0,0,0,0,0,0,0,0,0,0,0,0,0,0,0,0,0,0,0,0,0,0,0,0,0,0,0,0,0,0,0,0,0,0,1.34,2.078,3.088,4.783,6.657,9.26,12.834,17.495,24.211,31.004,38.606,47.211,55.234,69.89,84.551,97.17,106.098,109.05,105.644,100.611,89.277,73.677,57.689,44.602,34.756,27.469,20.325,17.822,15.062,14.057,11.355,11.216,10.283,9.26,9.028,9.593,10.826,10.103,10.631,10.282,9.99,10.113,9.442,8.779,7.936,6.409,5.577,3.845,3.402,2.609,2.229,1.095,0.946,0.489,0.325,0.252,0.098,0,0.02,0.02,0,0,0,0,0,0
2026-08-30 03:43:00,1,"Normal Scan","Normal Scan",0,"ON",1,1,1,737.2,5,20.1,97.1,53.6,0.0000000693373,0.0000181857,4.97,8954.6,8.8,736.5,1,"Up Scan","Positive",254,0,4.37,1.6,8,8,0,1,1,25.267,30.427,25.526,30.505,1.688,10125.4,50,21,NA,0,0,0,0,0,0,0,0,0,0,0,0,0,0,0,0,0,0,0,0,0,0,0,0,0,0,0,0,0,0,0,5321.152,5646.72,6161.408,6703.808,7613.248,8515.456,10260.608,12523.04,14460.48,15825.92,16719.072,17105.504,18560.256,19101.664,19894.944,19813.888,20014.816,18712.16,17095.136,14294.72,11919.392,8947.744,6561.568,4177.248,2792.384,2028.224,1551.104,1245.472,994.624,790.176,702.112,546.944,476.128,354.4,398.24,440.704,472.576,461.92,472.384,515.104,500.64,490.272,499.168,492.48,367.808,330.72,296.736,239.712,189.728,129.152,99.2,72.576,59.744,20.736,15.296,3.136,4.896,3.392,3.488,0,0,0,0,0,0,0,0,0,0,0,0,0,0,0,0,0,0,0,0,0,0,0,0,0,0,0,0,0,0,0,0,0,0,0,0,1.312,2.154,3.298,4.915,6.992,9.963,13.785,19.928,28.645,38.36,48.092,57.652,66.272,79.994,90.991,103.761,112.645,123.085,123.839,121.142,108.376,96.383,77.088,60.055,40.793,29.082,22.407,18.261,15.398,13.162,11.58,11.204,9.901,9.649,8.787,9.679,10.454,11.298,11.068,10.466,10.75,10.239,9.342,8.894,8.343,6.114,5.374,4.498,3.53,2.707,1.828,1.394,0.983,0.79,0.269,0.194,0.039,0.06,0.04,0.041,0,0,0,0,0,0
2026-08-30 03:48:00,1,"Normal Scan","Normal Scan",0,"ON",1,1,1,737.5,5,20.5,97.1,53.8,0.0000000694577,0.0000182049,4.97,8954.6,8.8,736.5,1,"Up Scan","Positive",254,0,4.37,1.6,8,8,0,1,1,26.34,31.725,26.258,30.505,1.727,8924.34,50,21.2,NA,0,0,0,0,0,0,0,0,0,0,0,0,0,0,0,0,0,0,0,0,0,0,0,0,0,0,0,0,0,0,0,5532.064,5701.152,5821.984,6570.144,7394.944,7291.104,7906.304,9261.376,9923.904,11114.432,12955.328,13999.456,15746.048,16344.704,16364.448,17386.464,17543.84,17470.944,16890.784,15117.728,12130.208,8860.16,6011.392,4276.512,2710.432,1950.528,1574.784,1185.792,1039.776,796.64,629.568,523.744,475.936,443.168,440.128,441.024,485.344,437.344,455.264,491.2,459.84,489.76,436.736,497.344,403.84,356.672,305.408,230.88,218.784,177.408,127.328,69.184,47.04,25.024,22.88,7.84,3.264,1.664,0,1.792,0,0,0,0,0,0,0,0,0,0,0,0,0,0,0,0,0,0,0,0,0,0,0,0,0,0,0,0,0,0,0,0,0,0,0,1.328,2.24,3.299,4.621,6.819,9.644,11.712,15.276,21.197,26.344,33.883,44.755,54.368,68.064,78.088,85.965,99.267,108.101,115.688,119.79,114.409,97.946,76.273,55.165,41.711,28.241,21.589,18.403,14.888,13.831,11.668,10.411,9.609,9.337,9.761,10.141,10.575,11.19,10.907,10.693,10.572,9.606,9.56,8.334,8.639,6.669,5.657,4.649,3.481,3.116,2.494,1.738,0.946,0.621,0.325,0.29,0.098,0.04,0.02,0,0.022,0,0,0,0,0
2026-08-30 03:53:00,1,"Normal Scan","Normal Scan",0,"ON",1,1,1,737.1,5,20,97.1,53.9,0.0000000693072,0.0000181809,4.97,8954.6,8.8,736.5,1,"Up Scan","Positive",254,0,4.37,1.6,8,8,0,1,1,25.335,30.408,25.397,26.416,1.698,10059.3,50,21,NA,0,0,0,0,0,0,0,0,0,0,0,0,0,0,0,0,0,0,0,0,0,0,0,0,0,0,0,0,0,0,0,5907.328,5488.544,6271.104,7354.496,8648.16,9467.488,11358.24,12063.04,13117.376,14609.216,15390.72,16419.36,17876.48,18720.832,20066.24,19966.432,19640.128,18765.824,17282.528,15046.432,12286.528,9072.768,5734.752,3632.768,2567.616,1830.592,1518.752,1270.016,1028.64,770.624,613.856,580.32,435.232,383.584,465.568,516.992,414.656,416.768,535.68,495.168,437.472,449.216,519.424,462.24,413.824,340.064,326.016,267.68,202.336,153.568,118.592,81.376,38.496,28,14.336,5.632,8.128,1.664,0,0,0,0,0,0,0,0,0,0,0,0,0,0,0,0,0,0,0,0,0,0,0,0,0,0,0,0,0,0,0,0,0,0,0,0,0,1.349,2.427,3.246,5.021,7.643,11.315,15.245,21.936,27.577,34.797,44.481,53.143,63.692,77.172,89.255,104.78,113.598,120.753,123.93,122.228,113.801,99.131,78.083,52.738,35.746,26.744,20.387,17.893,15.68,13.727,11.592,10.117,10.092,9.081,9.195,10.371,11.329,10.703,10.568,11.653,10.732,9.397,9.042,9.302,8.098,6.894,5.344,4.956,3.923,2.91,2.171,1.622,1.094,0.508,0.363,0.182,0.07,0.099,0.02,0,0,0,0,0,0,0
2026-08-30 03:58:00,1,"Normal Scan","Normal Scan",0,"ON",1,1,1,737.5,5,20.5,97.1,53.6,0.0000000694577,0.0000182049,4.97,8954.6,8.8,736.5,1,"Up Scan","Positive",254,0,4.37,1.6,8,8,0,1,1,24.735,31.38,25.171,28.387,1.791,7771.87,50,21.2,NA,0,0,0,0,0,0,0,0,0,0,0,0,0,0,0,0,0,0,0,0,0,0,0,0,0,0,0,0,0,0,0,6144.48,5669.312,6564.16,7318.304,8339.552,8947.584,9422.592,9017.504,8974.528,10248.064,11451.552,12547.648,12759.392,12219.744,12824.224,14044.832,13973.344,13609.984,12264.608,10768.672,8512.896,6813.472,4892.544,3460.96,2563.616,1951.424,1549.056,1212.736,1032.704,826.72,663.936,557.472,479.136,436.928,416.48,389.568,440.288,488.064,479.552,421.12,472.32,449.632,471.808,445.568,446.24,444.544,349.408,237.728,226.24,157.728,121.12,72.96,56.128,28.032,15.232,3.168,3.264,0,0,0,0,0,0,0,0,0,0,0,0,0,0,0,0,0,0,0,0,0,0,0,0,0,0,0,0,0,0,0,0,0,0,0,0,0,0,1.743,2.49,3.311,5.23,7.603,10.897,14.391,18.22,20.54,23.745,31.139,39.513,48.591,55.008,58.292,67.187,79.852,85.994,90.167,87.132,81.881,69.227,59,45.192,34.073,26.828,21.621,18.184,15.189,13.795,11.909,10.508,10.073,9.645,9.375,9.873,9.864,10.863,11.305,11.409,10.355,9.973,8.977,8.653,7.893,7.251,6.989,5.293,3.48,3.229,2.192,1.656,0.979,0.743,0.363,0.194,0.039,0.04,0,0,0,0,0,0,0,0
2026-08-30 04:03:00,1,"Normal Scan","Normal Scan",0,"ON",1,1,1,737.1,5,20,97.1,54,0.0000000693072,0.0000181809,4.97,8954.6,8.8,736.5,1,"Up Scan","Positive",254,0,4.37,1.6,8,8,0,1,1,23.076,30.47,24.16,26.416,1.797,7731.27,50,21,NA,0,0,0,0,0,0,0,0,0,0,0,0,0,0,0,0,0,0,0,0,0,0,0,0,0,0,0,0,0,0,0,6574.816,6443.488,6981.824,7376.64,8304.544,9030.944,9441.92,11029.44,11543.2,12329.344,12948.736,13482.784,13609.376,13463.424,13710.496,12976.416,12548.896,11086.912,9982.912,8043.104,6646.56,5033.056,3989.216,3126.176,2274.656,1811.008,1485.248,1247.712,1065.632,802.4,719.104,577.76,493.472,437.856,418.592,381.216,371.584,436.896,444.32,520.992,489.536,539.904,505.504,469.824,433.152,385.632,323.904,300.032,233.76,190.848,113.12,97.568,57.664,34.688,18.272,3.136,6.528,1.664,3.456,0,0,0,0,0,0,0,0,0,0,0,0,0,0,0,0,0,0,0,0,0,0,0,0,0,0,0,0,0,0,0,0,0,0,0,0,1.829,2.676,3.76,5.562,7.673,10.856,14.558,18.256,25.148,30.551,37.415,44.555,51.969,58.385,63.856,71.157,73.543,76.931,73.492,71.122,61.419,54.266,43.985,37.143,30.955,23.947,20.358,17.464,15.623,14.113,11.587,11.285,10.056,9.748,9.883,10.033,10.176,10.093,10.863,10.989,11.139,10.665,10.595,9.594,8.154,7.308,6.187,5,4.398,3.335,2.688,1.577,1.31,0.761,0.45,0.232,0.039,0.079,0.02,0.041,0,0,0,0,0,0
2026-08-30 04:08:00,1,"Normal Scan","Normal Scan",0,"ON",1,1,1,737.5,5,20.5,97.1,53.3,0.0000000694577,0.0000182049,4.97,8954.6,8.8,736.5,1,"Up Scan","Positive",254,0,4.37,1.6,8,8,0,1,1,28.069,33.103,27.254,30.505,1.746,8096.91,50,21.2,NA,0,0,0,0,0,0,0,0,0,0,0,0,0,0,0,0,0,0,0,0,0,0,0,0,0,0,0,0,0,0,0,6153.664,5973.376,5405.056,5241.408,5478.816,5974.24,6111.232,7003.712,7648.096,7516.16,8210.4,9518.976,11177.632,14517.504,17350.88,19219.296,20037.536,19074.656,17313.056,13830.496,10322.784,7620.096,5615.552,4147.296,3079.52,2069.728,1580.224,1273.44,929.44,797.056,647.168,542.752,492.224,498.528,463.808,445.6,447.808,437.344,438.88,431.424,478.08,540.256,444.48,486.848,464.16,380.256,335.488,246.88,222.848,156.992,137.024,86.944,35.808,32.576,7.648,6.304,0,1.664,0,0,0,0,0,0,0,0,0,0,0,0,0,0,0,0,0,0,0,0,0,0,0,0,0,0,0,0,0,0,0,0,0,0,0,0,0,2.065,2.44,3.472,4.279,5.434,7.152,9.627,11.856,16.042,20.36,23.082,28.742,37.506,48.99,69.78,90.789,109.032,122.703,125.848,122.596,104.978,83.631,65.863,51.659,40.417,31.915,22.812,18.592,15.901,12.664,11.801,10.388,9.657,9.759,10.28,10.54,11.054,10.751,11.069,10.763,9.958,10.18,10.042,8.431,8.557,7.663,5.89,5.1,3.597,3.177,2.191,1.873,1.168,0.488,0.421,0.097,0.078,0,0.02,0,0,0.014,0,0,0,0
2026-08-30 04:13:00,1,"Normal Scan","Normal Scan",0,"ON",1,1,1,737.2,5,20.1,97.1,53.9,0.0000000693373,0.0000181857,4.97,8954.6,8.8,736.5,1,"Up Scan","Positive",254,0,4.37,1.6,8,8,0,1,1,23.68,30.124,24.508,24.582,1.747,8675.88,49,21.1,NA,0,0,0,0,0,0,0,0,0,0,0,0,0,0,0,0,0,0,0,0,0,0,0,0,0,0,0,0,0,0,0,7026.176,6982.848,5804.64,7430.08,8071.072,9054.304,9417.088,10473.92,11353.312,13908.672,15487.2,16577.024,17759.296,17760.128,16435.456,15370.176,13905.984,12570.304,11375.84,10074.016,8409.088,6714.272,4927.68,3345.12,2300.096,1825.312,1407.904,1177.088,1000.256,827.328,636.352,569.984,466.976,482.592,400.768,449.536,434.304,456.096,479.648,443.584,515.2,486.592,503.808,472.224,420.416,402.528,306.816,263.168,187.456,173.952,120.64,81.632,51.328,33.984,10.688,4.736,1.632,0,0,0,0,0,0,0,0,0,0,0,0,0,0,0,0,0,0,0,0,0,0,0,0,0,0,0,0,0,0,0,0,0,0,0,0,0,0,2.046,2.838,4.098,4.619,7.703,10.547,14.604,18.249,23.967,30.197,42.317,53.236,63.841,76.105,84.01,85.336,87.143,85.568,83.429,80.902,76.611,68.275,58.102,45.463,32.98,24.189,20.265,16.721,14.832,13.365,12.014,10.362,10.124,9.567,10.117,9.844,10.804,10.853,11.028,11.184,10.329,10.469,9.386,9.16,8.332,6.957,6.346,4.712,3.834,2.666,2.425,1.649,1.097,0.678,0.439,0.136,0.059,0.02,0,0,0,0,0,0,0,0
2026-08-30 04:18:00,1,"Normal Scan","Normal Scan",0,"ON",1,1,1,737.2,5,20.1,97.1,53.3,0.0000000693373,0.0000181857,4.97,8954.6,8.8,736.5,1,"Up Scan","Positive",254,0,4.37,1.6,8,8,0,1,1,23.359,29.914,23.922,26.416,1.788,8450.82,49,21.1,NA,0,0,0,0,0,0,0,0,0,0,0,0,0,0,0,0,0,0,0,0,0,0,0,0,0,0,0,0,0,0,0,8483.904,8125.92,8399.712,8389.984,9317.792,10120.192,10611.52,10893.76,11353.632,12193.184,12825.568,13452.544,14246.88,14644.032,14722.08,14662.304,14412.192,13146.976,11719.52,10205.696,7997.856,6034.592,4249.536,3040.32,2266.016,1660.864,1347.712,1187.104,898.592,800.608,604.704,510.784,498.784,476.672,472.32,458.592,438.176,502.176,437.472,470.912,514.784,475.168,510.944,448.224,452.736,401.696,359.392,267.104,224.16,158.496,114.688,93.728,61.408,27.936,16.672,6.4,8.128,3.424,0,0,0,0,0,0,0,0,0,0,0,0,0,0,0,0,0,0,0,0,0,0,0,0,0,0,0,0,0,0,0,0,0,0,0,0,0,2.439,3.423,4.717,6.685,8.672,12.154,16.261,20.528,24.825,30.07,37.007,44.159,52.036,61.332,69.548,76.716,83.214,88.407,86.904,83.142,77.546,64.882,52.255,39.365,29.976,23.835,18.488,16.031,15.003,12.358,11.772,9.889,9.548,9.967,10.088,10.861,10.963,11.088,11.618,10.913,10.651,10.792,9.627,9.327,7.826,7.607,6.454,5.441,3.927,3.23,2.221,1.597,1.261,0.81,0.363,0.212,0.08,0.099,0.04,0,0,0,0,0,0,0
2026-08-30 04:23:00,1,"Normal Scan","Normal Scan",0,"ON",1,1,1,737.3,5,20.3,97.1,53.7,0.0000000693975,0.0000181953,4.97,8954.6,8.8,736.5,1,"Up Scan","Positive",254,0,4.37,1.6,8,8,0,1,1,25.155,30.133,24.997,30.505,1.717,10450.4,49,21.1,NA,0,0,0,0,0,0,0,0,0,0,0,0,0,0,0,0,0,0,0,0,0,0,0,0,0,0,0,0,0,0,0,7416.416,7451.712,8271.52,8317.312,9374.592,10166.24,11364.384,12373.28,13415.616,14281.472,15722.976,16966.688,17223.808,18447.808,20058.048,21692.96,21830.368,19700.416,17457.664,14439.328,11379.808,8569.536,5940.448,4070.752,2819.008,2007.424,1456.032,1131.488,983.584,819.168,680.224,623.744,495.36,484.8,464.864,436.896,504.992,435.296,460.544,480.512,456.608,534.336,498.528,501.088,543.744,416.064,312.352,290.4,204.736,174.336,104.128,59.04,42.112,25.184,21.28,6.336,1.6,1.696,1.728,0,0,0,0,0,0,0,0,0,0,0,0,0,0,0,0,0,0,0,0,0,0,0,0,0,0,0,0,0,0,0,0,0,0,0,0,1.795,2.987,4.32,6.589,8.666,12.269,16.401,21.975,28.26,35.573,43.489,54.32,65.86,74.515,88.021,104.702,122.991,133.746,129.997,123.59,109.411,92.01,73.799,54.424,39.736,29.436,22.266,17.315,14.366,13.29,12.078,10.954,10.929,9.836,10.436,10.681,10.972,11.84,11.182,11.618,10.867,9.702,10.174,9.242,8.568,8.566,6.442,4.806,4.252,2.93,2.433,1.439,0.793,0.554,0.325,0.271,0.078,0.02,0.02,0.02,0,0,0,0,0,0
2026-08-30 04:28:00,1,"Normal Scan","Normal Scan",0,"ON",1,1,1,737.2,5,20.1,97.1,53.2,0.0000000693373,0.0000181857,4.97,8954.6,8.8,736.5,1,"Up Scan","Positive",254,0,4.37,1.6,8,8,0,1,1,24.463,29.775,24.454,32.781,1.745,10605,49,21,NA,0,0,0,0,0,0,0,0,0,0,0,0,0,0,0,0,0,0,0,0,0,0,0,0,0,0,0,0,0,0,0,9780.384,9777.76,9447.616,9725.6,10132,10786.208,11613.856,13275.616,14237.984,15255.232,15836.448,16581.6,16249.824,16830.752,18006.144,19184.16,19909.984,19950.688,18266.432,15267.168,11812.864,8821.792,5868.896,3931.84,2698.048,1913.632,1489.536,1190.4,1029.472,814.4,680.608,642.048,530.944,517.696,489.76,531.808,516.736,529.088,528.928,529.76,532.544,520.864,493.568,476.032,473.536,377.216,331.872,296.128,204.736,177.216,121.6,79.968,45.536,17.76,10.656,9.472,4.928,1.696,0,0,0,0,0,0,0,0,0,0,0,0,0,0,0,0,0,0,0,0,0,0,0,0,0,0,0,0,0,0,0,0,0,0,0,0,0,2.668,3.946,5.703,7.518,10.063,13.221,17.411,22.477,30.318,37.706,46.365,54.6,64.247,70.41,80.612,94.378,109.229,122.383,131.713,129.217,115.532,95.403,75.918,53.899,38.515,28.134,21.385,17.692,15.194,14.102,12.116,11.254,11.495,10.611,11.156,11.258,12.212,12.058,12.306,12.245,11.298,11.037,10.122,9.115,8.287,7.754,5.927,4.956,4.293,2.97,2.499,1.662,1.076,0.602,0.229,0.136,0.118,0.06,0.02,0,0,0,0,0,0,0
2026-08-30 04:33:00,1,"Normal Scan","Normal Scan",0,"ON",1,1,1,737.4,5,20.4,97.1,53.4,0.0000000694276,0.0000182001,4.97,8954.6,8.8,736.5,1,"Up Scan","Positive",254,0,4.37,1.6,8,8,0,1,1,23.687,28.548,23.905,24.582,1.687,11633,49,21.1,NA,0,0,0,0,0,0,0,0,0,0,0,0,0,0,0,0,0,0,0,0,0,0,0,0,0,0,0,0,0,0,0,8063.296,9669.76,9473.856,11335.328,10498.304,11159.744,12672.384,14657.888,16358.432,18712.352,19508.704,21987.584,22613.12,23206.528,23163.2,22566.208,21293.056,19715.328,17622.016,14592.896,10668.256,7540.64,4780.992,3248.96,2193.152,1677.12,1271.68,1032.768,881.12,722.912,596.64,609.184,532.128,471.968,535.776,507.104,540.32,543.392,551.648,570.56,506.976,494.528,485.312,470.4,376.64,349.888,348.192,267.552,203.552,132.576,120.96,52.576,48.672,25.088,12.192,4.736,4.896,1.696,1.728,0,0,0,0,0,0,0,0,0,0,0,0,0,0,0,0,0,0,0,0,0,0,0,0,0,0,0,0,0,0,0,0,0,0,0,0,2.812,3.261,5.661,7.556,11.753,13.722,17.986,24.556,33.498,43.366,56.834,67.267,84.824,97.185,110.092,120.464,127.653,130.134,129.743,124.348,110.182,86.083,64.883,43.929,31.939,22.992,18.831,15.286,13.296,12.378,11.084,10.236,11.115,10.621,10.65,11.644,11.562,12.302,12.363,11.626,11.759,10.633,9.705,8.579,8.188,6.088,5.574,5.252,3.901,2.916,1.868,1.681,0.705,0.659,0.325,0.155,0.059,0.06,0.02,0.02,0,0.014,0,0,0,0
2026-08-30 04:38:00,1,"Normal Scan","Normal Scan",0,"ON",1,1,1,737,5,19.9,97.1,53.1,0.0000000692771,0.0000181761,4.97,8954.6,8.8,736.5,1,"Up Scan","Positive",254,0,4.37,1.6,8,8,0,1,1,22.923,28.919,23.515,22.876,1.755,9488.25,49,21,NA,0,0,0,0,0,0,0,0,0,0,0,0,0,0,0,0,0,0,0,0,0,0,0,0,0,0,0,0,0,0,0,10396.96,9161.184,8750.208,9327.584,10009.44,11018.304,11599.456,12485.6,13270.112,14493.28,15044.032,17191.296,17741.984,17430.688,16632.864,14984.416,15311.424,14651.488,13276.576,11060.48,8822.912,6423.232,4643.104,3093.984,2025.28,1473.92,1267.616,1046.912,899.392,768.896,638.624,592.096,531.264,507.136,485.184,486.944,546.528,533.6,542.304,581.792,589.76,518.048,478.208,460.544,396.64,314.848,262.272,271.52,175.456,144,105.632,64.992,52.896,23.648,7.648,6.336,1.632,1.696,0,0,0,0,0,0,0,0,0,0,0,0,0,0,0,0,0,0,0,0,0,0,0,0,0,0,0,0,0,0,0,0,0,0,0,0,0,2.846,4.157,5.351,6.973,9.686,13.081,17.782,22.468,28.532,35.224,44.034,51.77,66.332,76.183,82.723,86.548,85.125,94.007,96.826,93.961,83.773,71.322,55.435,42.797,30.439,21.427,16.658,15.29,13.503,12.48,11.56,10.931,10.807,10.732,11.092,11.371,11.313,12.116,12.048,11.748,11.464,11.214,9.976,8.599,7.867,6.48,5.083,3.983,3.934,2.512,2.014,1.459,0.874,0.697,0.306,0.097,0.078,0.02,0.02,0,0,0,0,0,0,0
2026-08-30 04:43:00,1,"Normal Scan","Normal Scan",0,"ON",1,1,1,737.4,5,20.4,97.1,52.8,0.0000000694276,0.0000182001,4.97,8954.6,8.8,736.5,1,"Up Scan","Positive",254,0,4.37,1.6,8,8,0,1,1,19.653,27.267,20.942,22.876,1.842,7536.12,49,21.1,NA,0,0,0,0,0,0,0,0,0,0,0,0,0,0,0,0,0,0,0,0,0,0,0,0,0,0,0,0,0,0,0,14146.816,12890.464,11803.136,10718.304,10540.256,10137.696,10321.6,10158.656,11320.992,13177.472,14408.096,14544.384,14751.968,12604.576,10499.104,8743.456,7106.944,6378.336,5478.432,4457.024,3787.648,3002.944,2362.144,1765.056,1528.512,1323.04,1188.864,937.312,840,738.976,663.712,614.112,518.08,537.44,456.416,520,595.232,586.08,589.408,601.248,484.768,531.104,502.56,459.04,435.168,314.592,278.432,287.072,166.528,135.168,88.256,54.016,29.664,25.184,10.72,6.304,0,3.36,0,0,0,0,0,0,0,0,0,0,0,0,0,0,0,0,0,0,0,0,0,0,0,0,0,0,0,0,0,0,0,0,0,0,0,0,0,3.819,5.726,7.516,9.358,11.121,13.696,16.317,19.93,23.148,30.035,39.875,49.259,55.692,62.757,59.193,54.135,49.316,43.583,42.268,39.057,34.219,31.172,26.526,22.264,17.879,16.498,15.189,14.389,12.329,11.719,11.367,11.185,11.34,10.788,11.658,10.581,11.835,12.938,12.901,12.4,11.796,9.903,9.937,8.894,7.75,6.911,4.867,4.224,4.203,2.363,1.905,1.205,0.726,0.393,0.325,0.136,0.078,0,0.04,0,0,0,0,0,0,0
2026-08-30 04:48:00,1,"Normal Scan","Normal Scan",0,"ON",1,1,1,737,5,19.9,97.1,53.1,0.0000000692771,0.0000181761,4.97,8954.6,8.8,736.5,1,"Up Scan","Positive",254,0,4.37,1.6,8,8,0,1,1,24.728,29.682,23.939,30.505,1.799,9319.72,48,20.9,NA,0,0,0,0,0,0,0,0,0,0,0,0,0,0,0,0,0,0,0,0,0,0,0,0,0,0,0,0,0,0,0,12775.424,11004.864,11076.128,11665.664,11325.856,10224.8,9382.976,9201.536,9301.28,9755.776,10486.784,11151.488,13324.896,14957.856,17023.584,17734.752,18074.528,17210.624,15512.928,13097.056,10379.456,7776.064,5335.328,3610.688,2412.704,1496.576,1109.792,902.304,818.112,699.872,601.856,524.704,557.824,541.312,550.752,546.24,580.096,540.128,536.864,563.968,568.352,470.208,509.376,475.392,388.288,356.416,295.072,228.96,208.768,128.832,102.528,49.12,27.68,22.24,15.264,9.44,0,1.696,0,0,0,0,0,0,0,0,0,0,0,0,0,0,0,0,0,0,0,0,0,0,0,0,0,0,0,0,0,0,0,0,0,0,0,0,0,3.323,5.166,6.424,8.817,12.062,14.769,16.422,18.119,21.002,24.716,29.803,36.428,43.554,57.935,71.59,88.958,100.837,110.983,113.689,109.894,99.161,83.681,66.736,48.776,35.243,25.202,16.804,13.543,12.009,11.647,10.934,10.551,10.178,10.898,11.482,12.243,11.909,12.834,12.262,11.416,11.622,10.96,8.998,9.103,8.127,6.178,5.442,4.467,3.409,2.974,1.802,1.407,0.661,0.365,0.287,0.194,0.118,0,0.02,0,0,0,0,0,0,0
2026-08-30 04:53:00,1,"Normal Scan","Normal Scan",0,"ON",1,1,1,737.4,5,20.4,97.1,52.4,0.0000000694276,0.0000182001,4.97,8954.6,8.8,736.5,1,"Up Scan","Positive",254,0,4.37,1.6,8,8,0,1,1,23.317,29.545,23.513,22.876,1.82,8931.29,49,21.1,NA,0,0,0,0,0,0,0,0,0,0,0,0,0,0,0,0,0,0,0,0,0,0,0,0,0,0,0,0,0,0,0,13740.032,11599.488,11307.2,10527.84,10104.096,9538.464,9498.176,9717.728,9142.08,10264.736,12176.832,14175.52,14818.432,14453.6,13888.736,14026.656,14256.992,14313.056,13482.912,12287.68,9513.344,7316.928,5137.408,3524.064,2211.904,1410.944,1146.432,1056.768,839.968,706.624,614.848,568.416,528.128,535.808,506.336,487.712,540.032,571.04,622.176,588.384,585.664,579.168,505.92,488.8,409.408,358.624,309.152,276.544,168.992,150.176,73.568,56.544,38.432,11.776,18.304,7.872,11.424,3.36,0,0,0,0,0,0,0,0,0,0,0,0,0,0,0,0,0,0,0,0,0,0,0,0,0,0,0,0,0,0,0,0,0,0,0,0,0,3.789,5.577,6.77,9.037,10.87,13.166,15.312,18.353,22.137,24.29,31.244,41.941,54.755,63.796,68.876,72.777,80.032,87.902,94.863,95.675,92.965,76.714,62.913,47.177,34.41,23.142,16.035,13.919,13.665,11.946,10.775,10.605,10.666,11.074,11.744,11.662,11.779,12.373,12.719,12.805,12.004,11.618,10.543,8.986,8.086,6.615,5.616,4.576,4.09,2.476,2.157,1.004,0.76,0.508,0.153,0.232,0.098,0.139,0.04,0,0,0,0,0,0,0
2026-08-30 04:58:00,1,"Normal Scan","Normal Scan",0,"ON",1,1,1,737.2,5,20.1,97.1,52.9,0.0000000693373,0.0000181857,4.97,8954.6,8.8,736.5,1,"Up Scan","Positive",254,0,4.37,1.6,8,8,0,1,1,21.186,29.982,22.715,9.647,1.915,6949.57,48,21,NA,0,0,0,0,0,0,0,0,0,0,0,0,0,0,0,0,0,0,0,0,0,0,0,0,0,0,0,0,0,0,0,12437.184,11020.768,10240.16,10048.096,9503.488,8824.416,9096.416,8484.512,8868.384,9050.272,9668.768,9501.536,9972.096,10136.96,9617.216,8575.456,7779.36,7266.656,6789.632,6872.768,6946.432,6042.88,4862.08,3368.864,2386.08,1630.176,1301.472,997.44,815.104,797.952,625.216,540.256,560.576,481.12,462.56,486.048,593.632,560.576,549.856,603.84,597.888,547.968,523.808,459.392,429.44,365.92,280.576,233.184,190.56,146.976,85.152,74.432,27.168,29.472,16.736,3.136,4.832,3.36,0,0,0,0,0,0,0,0,0,0,0,0,0,0,0,0,0,0,0,0,0,0,0,0,0,0,0,0,0,0,0,0,0,0,0,0,0,3.268,5.029,6.474,8.133,10.397,12.391,14.196,17.53,19.336,23.499,27.451,33.175,36.575,42.722,48.004,50.151,49.156,48.568,49.045,48.994,52.792,56.545,52.25,44.641,33.039,25.006,18.211,15.556,13.037,11.472,11.888,10.729,10.513,11.126,11.082,10.999,11.648,13.104,12.348,12.113,12.184,11.418,10.022,9.417,7.684,7.024,5.599,4.306,3.465,2.74,2.06,1.177,1.002,0.358,0.382,0.213,0.039,0.06,0.04,0,0,0,0,0,0,0
2026-08-30 05:03:00,1,"Normal Scan","Normal Scan",0,"ON",1,1,1,737.3,5,20.3,97.1,52.2,0.0000000693975,0.0000181953,4.97,8954.6,8.8,736.5,1,"Up Scan","Positive",254,0,4.37,1.6,8,8,0,1,1,23.062,29.116,23.352,28.387,1.798,9186.34,49,21.1,NA,0,0,0,0,0,0,0,0,0,0,0,0,0,0,0,0,0,0,0,0,0,0,0,0,0,0,0,0,0,0,0,13473.408,11478.336,11272.16,9256.224,10049.376,9680.16,10562.912,10108.864,11466.176,12990.976,13714.624,14386.944,14353.792,14577.536,15155.68,15424.032,15201.44,15090.176,13769.024,11969.472,9410.752,6834.208,4522.368,2748.032,1720.448,1317.888,1097.632,948.832,823.776,732.832,529.472,669.664,566.496,542.464,550.976,577.888,650.56,546.176,601.408,640.192,633.536,589.088,494.176,474.688,414.336,319.296,265.568,242.624,160.128,120.544,96.736,53.92,42.752,27.872,9.152,0,3.264,1.696,0,0,0,0,0,0,0,0,0,0,0,0,0,0,0,0,0,0,0,0,0,0,0,0,0,0,0,0,0,0,0,0,0,0,0,0,0,3.914,5.415,6.705,8.967,9.548,13.107,15.573,20.414,23.062,30.419,39.464,47.214,55.605,61.935,69.533,79.237,87.759,93.432,99.636,97.229,90.294,75.852,58.779,41.548,27.11,18.305,14.967,13.623,12.633,11.733,11.45,9.835,12.172,11.514,11.862,12.601,12.97,13.682,12.254,12.473,12.363,11.876,10.579,8.73,7.926,6.626,5.085,4.041,3.513,2.264,1.69,1.333,0.723,0.565,0.363,0.116,0,0.04,0.02,0,0,0,0,0,0,0
2026-08-30 05:08:00,1,"Normal Scan","Normal Scan",0,"ON",1,1,1,737.6,5,20.6,97.1,52.3,0.0000000694879,0.0000182097,4.97,8954.6,8.8,736.5,1,"Up Scan","Positive",254,0,4.37,1.6,8,8,0,1,1,20.732,29.081,22.262,10.366,1.883,7663.4,48,21.2,NA,0,0,0,0,0,0,0,0,0,0,0,0,0,0,0,0,0,0,0,0,0,0,0,0,0,0,0,0,0,0,0,11838.752,12309.568,11557.6,11235.456,12081.536,12195.776,10714.72,10483.36,9792.608,9963.904,9350.368,9126.784,9451.904,9687.968,10256.544,10246.176,10738.432,11062.72,10786.88,8666.848,6333.696,5032.128,3491.296,2383.744,1652.48,1226.336,1053.76,915.776,745.792,710.944,690.624,532.096,544.832,535.04,540.192,592.576,569.248,632.064,649.536,647.392,654.144,609.664,536.128,518.656,450.784,369.088,297.216,243.68,173.568,130.88,69.184,56.544,41.984,21.536,13.792,7.968,1.632,3.36,1.728,0,0,0,0,0,0,0,0,0,0,0,0,0,0,0,0,0,0,0,0,0,0,0,0,0,0,0,0,0,0,0,0,0,0,0,0,3.176,4.805,7.183,9.179,11.584,15.675,19.518,20.619,23.816,25.889,30.146,32.152,35.323,40.898,46.412,53.696,58.316,66.05,73.131,76.276,65.609,51.294,43.547,32.27,23.513,17.69,14.16,12.937,12.089,10.87,11.187,11.845,10.641,11.377,12.015,12.697,13.505,12.931,13.712,13.547,12.747,12.256,11.003,9.394,8.446,7.179,5.771,4.476,3.583,2.507,1.849,0.973,0.76,0.554,0.278,0.174,0.098,0.02,0.04,0.02,0,0,0,0,0,0
2026-08-30 05:13:00,1,"Normal Scan","Normal Scan",0,"ON",1,1,1,738.2,5,21.5,97.1,51.8,0.000000069759,0.0000182528,4.97,8954.6,8.8,736.5,1,"Up Scan","Positive",254,0,4.37,1.6,8,8,0,1,1,17.104,29.471,20.434,9.647,2.035,5065.17,48,21.5,NA,0,0,0,0,0,0,0,0,0,0,0,0,0,0,0,0,0,0,0,0,0,0,0,0,0,0,0,0,0,0,0,12733.248,11052,10280.352,9909.344,8869.728,8166.848,8197.888,8311.616,7977.92,7361.312,7326.336,6569.28,6004.928,4853.088,4377.472,3791.424,3796.704,3738.752,3640.672,3050.4,2378.88,1772.992,1509.984,1192.256,961.088,883.936,850.304,816.32,731.488,679.136,620.096,578.464,586.624,494.016,607.968,623.776,642.464,665.792,635.904,701.824,636.864,644.928,569.216,507.2,438.432,304.832,308.96,209.44,164.064,124.736,99.136,59.392,31.296,19.136,12.192,9.472,0,1.696,1.728,0,0,0,0,0,0,0,0,0,0,0,0,0,0,0,0,0,0,0,0,0,0,0,0,0,0,0,0,0,0,0,0,0,0,0,0,4.256,5.153,6.399,8.139,10.183,11.55,13.089,15.743,18.854,20.987,22.153,24.971,25.14,25.601,22.983,22.781,21.536,23.355,24.833,25.923,23.354,19.635,15.811,14.492,12.315,10.817,10.557,10.755,11.111,10.723,11.051,11.115,11.38,12.16,11.643,13.392,13.953,14.122,14.115,12.973,13.381,11.789,11.475,9.721,8.476,7.035,4.731,4.634,3.076,2.364,1.743,1.369,0.796,0.414,0.248,0.155,0.118,0,0.02,0.02,0,0,0,0,0,0
2026-08-30 05:18:00,1,"Normal Scan","Normal Scan",0,"ON",1,1,1,738.9,5,22.4,97.1,51.2,0.0000000700302,0.0000182958,4.97,8954.6,8.8,736.5,1,"Up Scan","Positive",254,0,4.37,1.6,8,8,0,1,1,17.717,29.215,20.633,9.647,2.003,5379.68,47,22,NA,0,0,0,0,0,0,0,0,0,0,0,0,0,0,0,0,0,0,0,0,0,0,0,0,0,0,0,0,0,0,0,12990.56,11010.464,10511.904,9581.792,9061.888,9033.472,8656.352,8073.088,7630.08,7505.472,8093.216,7891.904,7104.224,5944.8,5400.672,4943.072,4822.176,4312.384,3862.912,3193.504,2555.584,2004.32,1471.104,1191.712,1009.408,847.296,874.912,780.32,739.552,682.464,633.76,604.128,554.208,530.72,585.024,596.608,659.936,668.64,738.176,679.936,659.68,590.112,585.024,550.048,406.048,354.112,245.312,236.48,165.44,111.584,73.536,60.48,37.44,19.168,13.696,4.672,3.264,0,1.76,0,0,0,0,0,0,0,0,0,0,0,0,0,0,0,0,0,0,0,0,0,0,0,0,0,0,0,0,0,0,0,0,0,0,0,0,3.736,5.254,6.362,8.294,9.854,11.774,14.473,16.599,18.256,20.058,22.615,27.605,30.175,30.265,28.031,27.978,27.97,29.547,28.507,27.457,24.402,20.985,17.786,14.093,12.356,11.176,10.245,11.134,10.505,10.879,11.147,11.269,11.721,11.973,12.205,13.234,13.254,14.4,14.34,14.31,13.039,12.042,10.734,9.88,8.859,6.515,5.476,3.718,3.499,2.337,1.561,1.002,0.828,0.494,0.248,0.174,0.059,0.04,0,0.02,0,0,0,0,0,0
2026-08-30 05:23:00,1,"Normal Scan","Normal Scan",0,"ON",1,1,1,738.5,5,21.9,97.1,51,0.0000000698795,0.0000182719,4.97,8954.6,8.8,736.5,1,"Up Scan","Positive",254,0,4.37,1.6,8,8,0,1,1,22.734,31.064,23.202,9.647,1.936,5860.23,46,22.1,NA,0,0,0,0,0,0,0,0,0,0,0,0,0,0,0,0,0,0,0,0,0,0,0,0,0,0,0,0,0,0,0,10532.512,8872.992,8562.464,8266.592,7417.824,7270.208,6491.04,6409.952,6216.672,6019.104,6130.432,7798.784,9536.576,10483.616,10491.392,10233.408,9197.376,7755.584,6592.864,5806.496,4776.512,3629.28,2509.664,1519.168,1112.384,914.08,790.528,744.064,666.656,696.416,597.568,550.496,582.496,566.112,562.816,556.064,642.624,656.256,652,712.512,637.664,615.232,565.92,464.992,413.344,342.688,256.896,219.264,142.144,97.312,91.776,48.832,48.448,32.48,10.688,7.872,1.632,5.024,1.76,0,0,0,0,0,0,0,0,0,0,0,0,0,0,0,0,0,0,0,0,0,0,0,0,0,0,0,0,0,0,0,0,0,0,0,0,3.227,4.197,5.15,6.767,8.454,9.61,11.671,12.489,14.588,16.468,18.352,21.28,30.237,40.927,49.522,54.323,57.769,56.258,51.171,46.629,43.99,38.674,31.395,23.317,15.367,12.239,10.842,10.071,10.297,10.057,11.029,10.768,10.987,12.051,12.569,12.756,12.88,13.869,13.717,13.164,13.269,11.838,10.883,9.511,7.786,6.562,5.471,3.974,3.226,2.029,1.407,1.263,0.661,0.639,0.42,0.135,0.098,0.02,0.06,0.02,0,0,0,0,0,0
2026-08-30 05:28:00,1,"Normal Scan","Normal Scan",0,"ON",1,1,1,737.8,5,20.9,97.1,50.2,0.0000000695782,0.0000182241,4.97,8954.6,8.8,736.5,1,"Up Scan","Positive",254,0,4.37,1.6,8,8,0,1,1,21.583,31.393,22.95,26.416,1.964,5225.09,46,21.9,NA,0,0,0,0,0,0,0,0,0,0,0,0,0,0,0,0,0,0,0,0,0,0,0,0,0,0,0,0,0,0,0,8245.408,8163.136,7378.944,7522.88,7175.232,7009.504,6958.496,7113.408,6354.336,6171.136,6562.592,7329.856,7725.28,8925.728,9282.272,8896.032,8187.04,6812.288,4798.496,3112.064,2807.84,2199.616,1682.432,1438.56,1290.208,1068.192,855.04,711.328,670.08,636.352,586.688,538.464,557.76,519.648,511.424,595.2,644.128,667.392,698.944,726.464,701.984,616.608,576.544,495.84,386.144,377.92,262.816,193.024,159.264,97.12,67.776,59.648,27.2,23.616,10.784,7.904,1.632,1.664,1.728,3.584,0,0,0,0,0,0,0,0,0,0,0,0,0,0,0,0,0,0,0,0,0,0,0,0,0,0,0,0,0,0,0,0,0,0,0,2.605,3.311,4.795,5.866,7.773,9.315,11.236,13.416,16.193,16.863,18.783,22.65,28.371,33.216,42.087,47.743,49.994,49.802,44.78,34.108,23.999,23.173,19.404,15.915,14.581,13.946,12.366,10.812,9.764,10.026,10.334,10.691,10.968,11.858,12.098,12.498,13.461,14.056,13.914,13.835,13.678,12.576,10.842,9.631,8.037,6.264,5.771,3.975,2.887,2.306,1.365,0.941,0.834,0.357,0.305,0.135,0.098,0.02,0.02,0.02,0.045,0,0,0,0,0
2026-08-30 05:33:00,1,"Normal Scan","Normal Scan",0,"ON",1,1,1,737.6,5,20.7,97.1,49.6,0.000000069518,0.0000182145,4.97,8954.6,8.8,736.5,1,"Up Scan","Positive",254,0,4.37,1.6,8,8,0,1,1,18.061,31.914,21.795,9.647,2.09,4132.44,46,21.8,NA,0,0,0,0,0,0,0,0,0,0,0,0,0,0,0,0,0,0,0,0,0,0,0,0,0,0,0,0,0,0,0,8884.768,7404.448,7621.376,7509.12,6841.44,6644.992,6506.4,6538.944,6891.936,6355.2,5876.64,5180.896,4830.464,3932.64,3437.12,3397.312,3628.928,3481.12,3039.008,2780.768,2409.92,1771.936,1510.752,1202.88,1072.096,807.36,756.448,752.864,643.84,660.864,610.976,546.4,555.552,492.672,529.824,591.968,569.44,617.472,682.08,730.016,716.064,599.424,538.112,472.832,438.816,279.52,263.552,170.176,165.216,105.824,70.208,37.28,38.592,10.4,21.344,3.168,1.6,0,3.52,3.552,0,0,0,0,0,0,0,0,0,0,0,0,0,0,0,0,0,0,0,0,0,0,0,0,0,0,0,0,0,0,0,0,0,0,0,2.408,3.572,4.292,6.095,7.705,8.882,10.655,12.511,14.837,18.103,19.135,20.054,19.894,20.66,18.639,17.983,19.379,22.338,23.168,21.783,21.407,19.813,15.724,14.409,12.355,11.832,9.706,9.694,10.161,9.774,10.565,10.858,10.806,11.597,11.783,12.708,13.227,12.782,12.989,13.682,13.316,12.58,10.59,9.154,7.727,6.852,4.419,3.938,2.592,2.375,1.467,0.967,0.556,0.526,0.135,0.271,0.039,0.02,0,0.041,0.045,0.014,0,0,0,0
2026-08-30 05:38:00,1,"Normal Scan","Normal Scan",0,"ON",1,1,1,737.8,5,20.8,97.2,50.2,0.0000000694765,0.0000182193,4.97,8954.6,8.8,736.5,1,"Up Scan","Positive",254,0,4.37,1.6,8,8,0,1,1,15.911,27.142,18.998,10.366,1.974,5431.68,46,21.8,NA,0,0,0,0,0,0,0,0,0,0,0,0,0,0,0,0,0,0,0,0,0,0,0,0,0,0,0,0,0,0,0,13106.688,13113.216,12310.528,11552.448,11416.288,10244.288,10343.168,11042.016,10636.288,8992.928,7242.432,6028.224,5843.104,4906.944,4002.368,3367.392,3233.152,2515.872,2283.712,1956.832,1645.216,1500.736,1173.824,1000.096,787.424,812.512,802.144,697.92,658.592,620.704,543.552,566.112,565.664,514.24,534.976,582.208,644.192,653.728,682.08,753.184,633.472,592.352,539.328,473.216,419.424,320.032,271.52,176.256,164.8,124.768,89.76,41.472,41.312,16.192,15.36,12.576,1.664,3.392,0,0,0,0,0,0,0,0,0,0,0,0,0,0,0,0,0,0,0,0,0,0,0,0,0,0,0,0,0,0,0,0,0,0,0,0,0,4.527,5.266,7.626,9.776,11.944,14.823,16.385,19.926,25.007,27.916,26.997,24.655,23.096,24.841,23.027,20.675,19.029,19.861,16.78,16.399,15.123,13.736,13.462,11.35,10.44,8.98,9.678,10.179,9.789,9.722,10.271,10.188,11.001,11.911,12.137,12.485,13.019,13.882,13.639,13.572,13.966,11.628,10.432,9.31,7.941,6.614,5.058,4.032,2.71,2.369,1.761,1.241,0.556,0.546,0.21,0.194,0.157,0.02,0.04,0,0,0,0,0,0,0
2026-08-30 05:43:00,1,"Normal Scan","Normal Scan",0,"ON",1,1,1,737.3,5,20.2,97.1,50.4,0.0000000693674,0.0000181905,4.97,8954.6,8.8,736.5,1,"Up Scan","Positive",254,0,4.37,1.6,8,8,0,1,1,18.801,27.692,20.932,9.647,1.887,7258.59,47,21.5,NA,0,0,0,0,0,0,0,0,0,0,0,0,0,0,0,0,0,0,0,0,0,0,0,0,0,0,0,0,0,0,0,14488.64,13530.24,12197.632,12463.808,12031.744,10951.808,10140.224,10760.992,11332.544,10870.72,9691.84,8768.416,8961.6,9687.488,10076.64,8655.616,7756.576,7319.296,8281.76,7365.6,5392.928,3403.776,1984.928,1308.544,1133.728,893.792,826.592,681.184,704.512,605.728,564.992,527.904,548.032,546.112,536.768,606.72,616.896,709.28,639.488,691.136,677.888,611.776,555.808,499.712,421.28,345.632,283.296,199.904,140.48,96.16,60.384,53.92,31.264,16.992,11.36,7.872,1.6,3.392,0,0,0,0,0,0,0,0,0,0,0,0,0,0,0,0,0,0,0,0,0,0,0,0,0,0,0,0,0,0,0,0,0,0,0,0,0,4.329,5.838,7.897,9.692,12.886,15.692,17.598,19.566,24.466,29.892,32.841,33.202,33.803,38.476,46.136,52.563,49.184,47.63,48.303,58.408,55.651,43.551,29.525,18.62,13.342,12.368,10.541,10.452,9.481,10.47,9.996,10.335,10.784,11.796,12.274,12.542,13.643,13.622,14.398,13.248,13.124,12.233,10.651,9.274,8.042,6.712,5.334,4.256,2.946,2.025,1.349,0.84,0.725,0.413,0.22,0.145,0.098,0.02,0.04,0,0,0,0,0,0,0
2026-08-30 05:48:00,1,"Normal Scan","Normal Scan",0,"ON",1,1,1,737.6,5,20.6,97.1,50.2,0.0000000694879,0.0000182097,4.97,8954.6,8.8,736.5,1,"Up Scan","Positive",254,0,4.37,1.6,8,8,0,1,1,16.164,26.938,19.551,11.971,1.942,6615.66,47,21.5,NA,0,0,0,0,0,0,0,0,0,0,0,0,0,0,0,0,0,0,0,0,0,0,0,0,0,0,0,0,0,0,0,14528.288,15511.84,15808.224,16086.528,14695.328,12558.88,10689.408,9096.832,7889.312,7671.136,7697.472,6601.408,6196.576,5748.128,5319.264,6555.2,8649.856,8206.912,5975.488,4006.816,2495.776,2185.408,1535.104,1228.992,936.576,843.776,830.016,695.84,689.632,584.736,552.256,518.528,530.272,512.96,594.944,649.856,616.672,697.696,744.64,691.744,645.472,663.744,582.24,484.544,375.776,315.872,297.856,214.208,157.184,93.824,90.08,64.704,33.216,29.44,12.192,3.2,4.896,1.696,0,2.624,0,0,0,0,0,0,0,0,0,0,0,0,0,0,0,0,0,0,0,0,0,0,0,0,0,0,0,0,0,0,0,0,0,0,0,3.886,5.937,9.111,12.642,16.535,19.058,20.1,20.514,20.613,20.791,23.125,26.372,25.579,26.86,27.435,27.768,37.013,52.679,53.746,42.208,30.434,20.532,19.252,14.613,12.549,10.389,10.092,10.38,9.613,10.263,10.088,10.328,10.533,11.9,11.872,13.236,14.406,13.783,14.327,14.17,13.14,12.315,11.407,9.752,8.036,6.182,4.947,4.538,3.144,2.257,1.332,1.241,0.871,0.452,0.382,0.155,0.039,0.06,0.02,0,0.022,0,0,0,0,0
2026-08-30 05:53:00,1,"Normal Scan","Normal Scan",0,"ON",1,1,1,737.4,5,20.3,97.2,51,0.0000000693261,0.0000181953,4.97,8954.6,8.8,736.5,1,"Up Scan","Positive",254,0,4.37,1.6,8,8,0,1,1,14.913,28.784,18.944,9.647,2.099,4592.68,47,21.4,NA,0,0,0,0,0,0,0,0,0,0,0,0,0,0,0,0,0,0,0,0,0,0,0,0,0,0,0,0,0,0,0,14408.48,13147.904,11391.584,11418.24,9872.544,9004.608,7912.864,7542.976,6687.584,6372.16,5392.48,4719.52,4020.256,3437.888,2769.216,2282.144,2101.44,1862.816,1502.368,1409.568,1289.248,1175.552,1161.472,1034.752,870.432,820.896,803.84,725.376,671.36,676.832,588.32,578.496,497.952,555.136,539.168,574.688,694.24,680.48,778.112,747.648,724.448,687.136,571.904,517.92,408.832,375.968,291.52,202.144,172.416,100.896,62.4,49.664,39.936,17.664,10.688,3.136,3.296,3.328,1.728,0,0,0,0,0,0,0,0,0,0,0,0,0,0,0,0,0,0,0,0,0,0,0,0,0,0,0,0,0,0,0,0,0,0,0,0,4.869,5.837,7.657,9.048,11.756,12.839,14.413,15.256,17.067,17.595,19.18,18.347,18.051,17.096,16.138,14.346,12.959,12.986,12.531,11.002,11.07,10.946,10.721,11.304,10.741,9.854,9.879,10.214,10.019,10.014,10.944,10.925,11.501,11.67,12.774,13.021,13.592,14.903,14.165,15.094,14.249,13.055,11.981,9.69,8.283,6.442,5.868,4.354,2.991,2.426,1.463,0.869,0.668,0.527,0.229,0.136,0.039,0.04,0.04,0.02,0,0,0,0,0,0
2026-08-30 05:58:00,1,"Normal Scan","Normal Scan",0,"ON",1,1,1,737.3,5,20.3,97.1,50.7,0.0000000693975,0.0000181953,4.97,8954.6,8.8,736.5,1,"Up Scan","Positive",254,0,4.37,1.6,8,8,0,1,1,14.118,29.788,18.757,9.647,2.179,4039.97,47,21.4,NA,0,0,0,0,0,0,0,0,0,0,0,0,0,0,0,0,0,0,0,0,0,0,0,0,0,0,0,0,0,0,0,15861.184,12446.528,11311.808,10351.84,8901.504,7412.832,6672.064,5386.4,4715.968,4540.704,4188.768,3526.976,3274.144,2582.88,2148,1668.128,1584.352,1915.936,1643.616,1286.08,998.24,886.272,819.488,766.08,712.576,689.376,704.96,707.808,624.992,651.264,586.144,519.744,536.384,502.048,589.6,529.152,577.984,682.336,722.624,681.824,664.736,687.776,617.856,503.328,441.28,419.392,283.264,246.56,184.864,110.464,72.768,45.728,32.832,17.824,13.792,14.208,3.264,3.392,5.184,1.792,0,0,0,0,0,0,0,0,0,0,0,0,0,0,0,0,0,0,0,0,0,0,0,0,0,0,0,0,0,0,0,0,0,0,0,4.4,6.337,7.235,8.959,10.662,11.551,11.911,12.777,12.218,12.42,13.685,14.236,13.486,13.966,12.204,11.132,9.468,9.792,12.763,11.833,10.067,8.524,8.212,8.219,8.172,8.228,8.507,9.029,9.727,9.559,10.602,10.261,10.793,11.725,11.974,13.364,13.107,13.526,14.426,14.493,13.513,12.251,12.295,10.426,8.291,6.928,6.415,4.267,3.697,2.706,1.563,1.06,0.63,0.451,0.23,0.174,0.177,0.04,0.04,0.061,0.022,0.014,0,0,0,0
2026-08-30 06:03:00,1,"Normal Scan","Normal Scan",0,"ON",1,1,1,737.5,5,20.4,97.2,51.3,0.0000000693562,0.0000182001,4.97,8954.6,8.8,736.5,1,"Up Scan","Positive",254,0,4.37,1.6,8,8,0,1,1,16.005,31.809,20.31,9.647,2.19,3746.02,47,21.4,NA,0,0,0,0,0,0,0,0,0,0,0,0,0,0,0,0,0,0,0,0,0,0,0,0,0,0,0,0,0,0,0,11353.856,10010.112,8721.472,8703.872,6925.536,6274.56,5508.16,4702.368,4765.504,5028.8,5279.04,4561.856,4056.928,3380.64,3092.736,2825.44,2251.008,1887.424,1541.728,1145.984,1017.408,866.912,719.04,698.336,711.68,702.976,707.296,706.016,629.6,651.648,532.768,589.856,562.816,523.264,587.904,607.168,646.528,655.424,744.8,704.768,757.504,659.264,627.68,507.68,450.752,327.456,270.304,202.432,158.752,117.664,82.176,41.792,38.56,28.032,6.08,4.736,1.6,1.696,5.248,0,0,0,0,0,0,0,0,0,0,0,0,0,0,0,0,0,0,0,0,0,0,0,0,0,0,0,0,0,0,0,0,0,0,0,0,3.135,4.581,5.842,6.95,8.965,9.007,10.033,10.612,10.661,12.552,15.207,18.039,17.447,17.266,15.883,15.92,15.891,13.774,12.509,11.103,9.024,8.681,8.056,7.289,7.542,8.272,8.58,9.194,9.864,9.539,10.688,10.159,11.53,12.301,12.256,13.812,13.92,14.388,13.964,14.804,13.286,13.426,11.38,10.662,8.321,7.06,5.129,4.164,2.948,2.274,1.632,1.156,0.593,0.508,0.363,0.077,0.059,0.02,0.02,0.061,0,0,0,0,0,0
2026-08-30 06:08:00,1,"Normal Scan","Normal Scan",0,"ON",1,1,1,737.3,5,20.1,97.2,51.1,0.000000069266,0.0000181857,4.97,8954.6,8.8,736.5,1,"Up Scan","Positive",254,0,4.37,1.6,8,8,0,1,1,14.387,33.239,19.882,9.647,2.316,3201.83,47,21.2,NA,0,0,0,0,0,0,0,0,0,0,0,0,0,0,0,0,0,0,0,0,0,0,0,0,0,0,0,0,0,0,0,10607.232,9812.192,9088.608,8865.44,6678.016,5926.688,5684.8,4761.472,4094.272,3434.784,2837.152,2541.504,2076.352,1819.168,1514.208,1179.872,1114.304,1070.56,982.08,980.896,728.032,670.24,667.744,668.8,705.408,677.6,724.352,704.032,636.704,626.336,630.016,582.912,548.608,591.648,535.744,559.296,607.168,737.056,695.264,757.152,709.088,695.616,614.4,512.128,463.808,372.992,278.72,232.288,161.248,92.128,79.584,50.464,34.304,22.112,6.144,6.336,1.632,0,1.76,0,0,0,0,0,0,0,0,0,0,0,0,0,0,0,0,0,0,0,0,0,0,0,0,0,0,0,0,0,0,0,0,0,0,0,0,3.271,4.307,5.737,7.236,9.111,8.673,9.48,10.886,10.788,10.75,10.351,9.66,9.699,8.854,8.571,7.859,6.712,6.898,7.226,7.216,7.767,6.358,6.399,6.854,7.312,8.167,8.442,9.437,9.794,9.75,10.177,11.213,11.706,12.071,13.252,12.949,13.514,13.837,15.139,14.372,14.133,12.953,12.083,10.227,8.296,7.338,5.764,4.188,3.373,2.318,1.295,1.096,0.686,0.452,0.287,0.077,0.079,0.02,0,0.02,0,0,0,0,0,0
2026-08-30 06:13:00,1,"Normal Scan","Normal Scan",0,"ON",1,1,1,737.5,5,20.5,97.1,51.2,0.0000000694577,0.0000182049,4.97,8954.6,8.8,736.5,1,"Up Scan","Positive",254,0,4.37,1.6,8,8,0,1,1,14.565,34.644,20.34,9.647,2.367,2954.01,47,21.3,NA,0,0,0,0,0,0,0,0,0,0,0,0,0,0,0,0,0,0,0,0,0,0,0,0,0,0,0,0,0,0,0,9731.808,8806.08,8722.72,6935.488,6395.968,5598.496,5086.56,4691.68,3603.264,3269.568,2835.616,2435.328,1861.856,1688.16,1407.168,1125.568,973.984,846.464,759.168,661.6,634.048,573.344,638.72,671.232,649.056,664.608,725.408,694.912,679.296,613.12,575.52,580.48,523.424,588.384,588.864,608.448,588.768,693.824,678.944,722.88,753.216,687.232,602.432,538.048,454.816,351.168,299.936,208.992,178.304,130.016,84.608,43.008,31.616,16.32,10.72,6.336,0,1.696,0,0,0,0,0,0,0,0,0,0,0,0,0,0,0,0,0,0,0,0,0,0,0,0,0,0,0,0,0,0,0,0,0,0,0,0,0,2.813,3.922,5.115,6.923,7.159,8.34,8.939,9.773,10.589,9.479,9.833,9.613,9.298,7.908,7.935,7.27,6.38,6.027,5.746,5.637,5.367,5.624,5.537,6.635,7.325,7.533,8.265,9.364,9.75,10.282,10.219,10.459,11.528,11.529,13.141,13.941,14.149,13.568,14.656,13.919,13.821,13.499,12.044,10.309,8.813,7.106,5.421,4.471,3.07,2.593,1.807,1.168,0.575,0.47,0.21,0.136,0.078,0,0.02,0,0,0.041,0,0,0,0
2026-08-30 06:18:00,1,"Normal Scan","Normal Scan",0,"ON",1,1,1,737.2,5,20,97.2,51.3,0.0000000692359,0.0000181809,4.97,8954.6,8.8,736.5,1,"Up Scan","Positive",254,0,4.37,1.6,8,8,0,1,1,15.038,34.126,20.459,9.647,2.317,3203.73,47,21.1,NA,0,0,0,0,0,0,0,0,0,0,0,0,0,0,0,0,0,0,0,0,0,0,0,0,0,0,0,0,0,0,0,9476.928,9104.128,8023.712,7798.272,7022.336,6229.952,5521.408,4963.776,4522.272,4205.6,3312.032,2892.704,2367.648,1999.808,1727.264,1477.216,1252.48,1172.96,1027.456,833.952,797.152,691.264,658.048,656.384,671.168,609.504,758.336,637.44,644.16,634.656,513.984,547.36,568.832,519.712,586.08,651.168,769.344,701.984,755.648,750.56,694.4,717.408,575.328,539.104,461.376,400.16,320.288,227.232,172,120.96,91.392,67.648,34.304,13.248,16.8,4.768,6.528,1.696,0,0,0,0,0,0,0,0,0,0,0,0,0,0,0,0,0,0,0,0,0,0,0,0,0,0,0,0,0,0,0,0,0,0,0,0,0,2.835,3.797,5.292,6.39,8.051,9.141,9.983,10.629,11.257,11.918,12.654,11.26,11.058,10.092,9.426,8.932,8.389,7.734,7.891,7.499,6.658,6.89,6.561,6.705,7.175,7.781,7.567,9.771,9.023,9.811,10.544,10.332,11.395,12.5,12.46,13.481,14.972,16.099,14.901,15.168,14.57,13.058,12.429,9.777,8.916,7.442,6.165,4.747,3.383,2.466,1.726,1.261,0.908,0.453,0.172,0.213,0.059,0.079,0.02,0,0,0,0,0,0,0
2026-08-30 06:23:00,1,"Normal Scan","Normal Scan",0,"ON",1,1,1,737.6,5,20.5,97.2,51,0.0000000693863,0.0000182049,4.97,8954.6,8.8,736.5,1,"Up Scan","Positive",254,0,4.37,1.6,8,8,0,1,1,14.676,35.104,20.589,9.647,2.377,3011.14,47,21.3,NA,0,0,0,0,0,0,0,0,0,0,0,0,0,0,0,0,0,0,0,0,0,0,0,0,0,0,0,0,0,0,0,10002.144,9137.088,7973.024,7285.344,6764.384,5419.776,5067.136,4278.72,3749.952,3308.512,2838.08,2284,1990.848,1661.952,1522.976,1389.632,1296.192,1038.016,992.864,835.84,744.768,748.576,635.488,590.336,630.048,594.72,633.568,658.752,655.68,620.16,585.056,589.312,607.616,575.232,556.896,683.936,705.44,721.248,750.56,744.384,764.448,707.04,596.256,570.208,449.856,345.92,294.048,219.552,192.672,125.984,72.256,55.264,47.04,19.232,10.624,9.472,4.896,1.696,1.728,0,0,0,0,0,0,0,0,0,0,0,0,0,0,0,0,0,0,0,0,0,0,0,0,0,0,0,0,0,0,0,0,0,0,0,0,2.689,3.995,5.367,6.352,7.501,8.816,8.685,9.74,9.669,9.852,9.957,9.657,8.748,8.467,7.84,7.893,7.868,8.016,6.983,7.249,6.641,6.428,6.989,6.511,6.532,7.419,7.53,8.536,9.466,9.912,10.398,11.157,11.867,12.941,13.162,13.575,15.311,15.17,15.298,15.036,14.108,13.609,12.624,10.12,9.331,7.129,5.48,4.438,3.213,2.795,1.779,1.004,0.742,0.621,0.248,0.136,0.118,0.06,0.02,0.02,0,0,0,0,0,0
2026-08-30 06:28:00,1,"Normal Scan","Normal Scan",0,"ON",1,1,1,737.2,5,20.1,97.1,51.4,0.0000000693373,0.0000181857,4.97,8954.6,8.8,736.5,1,"Up Scan","Positive",254,0,4.37,1.6,8,8,0,1,1,14.438,33.067,19.812,9.647,2.306,3350.67,47,21.2,NA,0,0,0,0,0,0,0,0,0,0,0,0,0,0,0,0,0,0,0,0,0,0,0,0,0,0,0,0,0,0,0,11634.464,9954.208,9442.016,7907.04,7607.616,6537.984,5735.936,5202.944,4299.232,3537.76,3208.608,2683.776,2484.96,1923.328,1721.216,1519.424,1270.624,1169.184,907.552,869.408,783.552,599.2,634.72,595.328,659.136,641.568,667.552,689.312,663.264,667.424,611.52,592.256,593.92,544.768,624.896,629.12,725.888,700.096,783.552,720.384,766.976,682.144,623.712,547.968,466.624,358.432,273.312,231.712,173.152,118.784,73.056,52.608,45.76,29.44,18.4,6.272,4.896,3.392,0,0,0,0,0,0,0,0,0,0,0,0,0,0,0,0,0,0,0,0,0,0,0,0,0,0,0,0,0,0,0,0,0,0,0,0,0,3.415,4.693,5.824,7.459,8.168,9.887,10.467,10.997,11.771,11.284,10.65,10.935,10.257,10.563,9.039,8.902,8.608,7.811,7.849,6.64,6.925,6.758,5.736,6.571,6.592,7.795,8.003,8.913,9.719,10.035,11.136,11.197,12.073,12.762,12.816,14.456,14.419,15.599,14.921,15.526,13.707,13.736,12.1,10.623,8.883,7.349,5.686,4.195,3.465,2.487,1.688,1.012,0.705,0.602,0.382,0.232,0.078,0.06,0.04,0,0,0,0,0,0,0
2026-08-30 06:33:00,1,"Normal Scan","Normal Scan",0,"ON",1,1,1,737.6,5,20.5,97.2,50.8,0.0000000693863,0.0000182049,4.97,8954.6,8.8,736.5,1,"Up Scan","Positive",254,0,4.37,1.6,8,8,0,1,1,14.628,33.355,20.007,9.647,2.31,3413.33,47,21.2,NA,0,0,0,0,0,0,0,0,0,0,0,0,0,0,0,0,0,0,0,0,0,0,0,0,0,0,0,0,0,0,0,11474.048,10054.528,9098.112,8544.064,7478.432,6339.136,6032.16,5095.008,4183.2,4050.912,3423.36,2839.808,2477.792,2093.696,1912.128,1591.04,1396.32,1205.024,1043.232,878.368,770.816,636.128,644.064,641.408,657.376,625.152,705.216,706.72,667.648,599.488,538.496,561.792,563.584,615.648,639.712,685.376,704.864,766.688,824.96,815.36,769.632,765.216,669.92,559.04,485.28,403.424,286.336,231.744,134.688,125.376,87.232,57.952,27.072,19.2,15.232,3.136,1.632,0,3.456,0,0,0,0,0,0,0,0,0,0,0,0,0,0,0,0,0,0,0,0,0,0,0,0,0,0,0,0,0,0,0,0,0,0,0,0,3.341,4.605,5.86,7.188,8.798,9.698,10.131,11.576,11.53,10.961,12.212,11.661,10.863,10.536,9.841,9.872,9.003,8.577,8.081,7.609,7.003,6.649,6.093,6.635,7.039,7.634,7.801,9.156,10.061,10.305,10.368,10.57,11.729,12.806,14.168,14.806,15.739,15.687,16.003,16.108,15.313,14.129,12.834,11.129,9.153,7.685,6.117,4.324,3.425,1.918,1.744,1.223,0.779,0.358,0.248,0.194,0.039,0.02,0,0.041,0,0,0,0,0,0
2026-08-30 06:38:00,1,"Normal Scan","Normal Scan",0,"ON",1,1,1,737.4,5,20.3,97.2,51.4,0.0000000693261,0.0000181953,4.97,8954.6,8.8,736.5,1,"Up Scan","Positive",254,0,4.37,1.6,8,8,0,1,1,14.547,30.543,19.106,9.647,2.194,4069.84,48,21.2,NA,0,0,0,0,0,0,0,0,0,0,0,0,0,0,0,0,0,0,0,0,0,0,0,0,0,0,0,0,0,0,0,13604.864,11886.976,11008.864,9699.776,9144.8,8292.128,7618.144,6812.832,5799.424,5040.512,4157.184,3611.328,3072.544,2680.896,2259.776,1875.936,1544.48,1340.416,1169.824,995.232,908.768,782.272,808.928,667.84,722.304,705.504,767.04,687.936,692.48,657.696,529.376,590.112,551.808,544.288,620.384,720.512,728.16,782.528,795.104,827.296,799.84,674.752,649.408,560.288,435.168,351.872,277.408,220.864,194.784,121.312,84.736,59.84,37.952,32.416,16.768,6.336,3.232,1.696,0,0,0,0,0,0,0,0,0,0,0,0,0,0,0,0,0,0,0,0,0,0,0,0,0,0,0,0,0,0,0,0,0,0,0,0,0,3.955,5.515,6.948,8.741,9.984,11.867,13.268,14.626,15.412,15.231,15.155,14.167,13.783,13.078,12.581,11.67,10.617,9.518,9.014,8.492,7.908,7.816,7.368,8.112,7.364,8.327,8.604,9.903,9.793,10.392,11.127,10.533,12.136,12.516,13.226,14.622,15.617,15.877,16.01,15.631,15.327,14.264,11.93,11.114,9.11,7.014,5.489,4.301,3.26,2.815,1.69,1.169,0.805,0.501,0.42,0.213,0.078,0.04,0.02,0,0,0,0,0,0,0
2026-08-30 06:43:00,1,"Normal Scan","Normal Scan",0,"ON",1,1,1,737.3,5,20.1,97.2,51.3,0.000000069266,0.0000181857,4.97,8954.6,8.8,736.5,1,"Up Scan","Positive",254,0,4.37,1.6,8,8,0,1,1,14.499,28.885,18.609,9.647,2.123,4809.89,48,21.1,NA,0,0,0,0,0,0,0,0,0,0,0,0,0,0,0,0,0,0,0,0,0,0,0,0,0,0,0,0,0,0,0,16264.704,14458.752,13444.864,11420.768,10517.856,9553.152,8710.592,8013.344,6956.288,6045.024,5380.64,4534.816,3921.6,3426.048,2854.432,2554.464,2172.992,1694.56,1413.504,1171.008,908.704,819.424,779.36,699.04,821.024,780.384,715.968,677.696,767.424,642.016,574.624,632.928,699.872,611.744,630.24,676.288,796.512,769.376,811.648,900.864,802.656,693.472,628.832,582.016,503.456,399.072,286.592,230.048,198.976,136.256,76.128,64.032,30.336,22.208,21.632,4.736,11.456,0,0,0,0,0,0,0,0,0,0,0,0,0,0,0,0,0,0,0,0,0,0,0,0,0,0,0,0,0,0,0,0,0,0,0,0,0,0,4.38,6.56,8.417,10.701,11.784,13.663,15.312,16.754,18.169,18.311,18.181,18.352,17.333,16.673,16.083,14.722,14.35,13.302,11.294,10.217,9.257,7.876,7.652,7.858,7.753,9.3,9.459,9.656,9.845,11.446,10.895,11.238,12.884,14.552,14.289,14.967,15.326,16.801,16.273,16.255,16.542,14.387,12.376,10.809,9.447,8.011,6.118,4.398,3.406,2.863,1.96,1.041,0.861,0.401,0.287,0.275,0.059,0.139,0,0,0,0,0,0,0,0
2026-08-30 06:48:00,1,"Normal Scan","Normal Scan",0,"ON",1,1,1,737.5,5,20.4,97.2,51.9,0.0000000693562,0.0000182001,4.97,8954.6,8.8,736.5,1,"Up Scan","Positive",254,0,4.37,1.6,8,8,0,1,1,14.597,28.427,18.54,9.647,2.1,5032.93,48,21.2,NA,0,0,0,0,0,0,0,0,0,0,0,0,0,0,0,0,0,0,0,0,0,0,0,0,0,0,0,0,0,0,0,16610.688,15121.28,13348.448,12263.552,11064.64,9925.824,9107.008,8350.336,7732.16,6812,6129.312,5135.104,4069.984,3577.248,2802.592,2520.672,2143.296,1744.16,1436.16,1111.104,1055.04,972.224,816.832,772.192,777.6,692.48,714.56,807.936,712.64,695.52,704.832,684.8,639.264,647.392,653.024,695.04,752.224,835.488,908.8,843.776,804.288,707.936,690.112,586.528,477.824,372.096,310.624,235.008,146.048,106.016,86.72,56.704,41.376,8.864,15.296,14.208,4.896,0,1.76,0,0,0,0,0,0,0,0,0,0,0,0,0,0,0,0,0,0,0,0,0,0,0,0,0,0,0,0,0,0,0,0,0,0,0,0,4.952,6.647,8.753,10.644,12.687,14.375,15.941,17.505,18.89,20.313,20.479,20.86,19.581,17.308,16.764,14.442,14.208,13.185,11.628,10.399,8.807,8.944,9.003,8.295,8.358,9.065,8.772,9.557,11.226,10.981,11.684,12.834,13.641,14.179,14.755,15.24,15.529,16.539,17.084,17.264,15.754,14.475,12.273,11.323,9.537,7.623,5.786,4.556,3.524,2.169,1.492,1.187,0.779,0.546,0.115,0.194,0.177,0.06,0,0.02,0,0,0,0,0,0
2026-08-30 06:53:00,1,"Normal Scan","Normal Scan",0,"ON",1,1,1,737.1,5,19.9,97.2,51.9,0.0000000692058,0.0000181761,4.97,8954.6,8.8,736.5,1,"Up Scan","Positive",254,0,4.37,1.6,8,8,0,1,1,14.811,30.902,19.374,10.366,2.19,4164.06,48,21,NA,0,0,0,0,0,0,0,0,0,0,0,0,0,0,0,0,0,0,0,0,0,0,0,0,0,0,0,0,0,0,0,11797.216,12099.808,11107.808,9529.536,10185.248,8433.408,7872.352,6860.384,6094.4,5375.68,4536.48,4044.928,3315.36,2987.84,2584.704,2259.936,1649.056,1530.944,1284.544,1033.152,821.952,769.088,676.128,669.44,672.32,674.592,628.832,609.728,683.456,617.44,581.92,653.536,625.952,665.376,661.76,731.168,832.48,744.992,832.032,774.336,759.232,757.92,595.488,572.32,475.616,440.48,371.616,211.872,192.736,140.064,87.552,47.648,26.592,25.12,19.904,6.304,4.928,3.36,0,1.792,0,0,0,0,0,0,0,0,0,0,0,0,0,0,0,0,0,0,0,0,0,0,0,0,0,0,0,0,0,0,0,0,0,0,0,3.944,4.756,7.096,8.781,9.867,13.232,13.531,15.102,15.585,16.002,16.143,15.46,15.452,14.114,14.021,13.306,12.712,10.14,10.194,9.281,8.149,7.093,7.137,6.839,7.368,7.822,8.428,8.678,8.973,10.601,10.739,11.451,13.02,13.699,14.532,15.121,16.506,17.344,15.661,16.569,15.221,14.012,13.127,10.4,9.374,7.491,6.704,5.577,3.209,2.774,2.006,1.196,0.658,0.368,0.325,0.252,0.079,0.06,0.04,0,0.021,0.015,0,0,0,0
2026-08-30 06:58:00,1,"Normal Scan","Normal Scan",0,"ON",1,1,1,737.6,5,20.5,97.2,51.8,0.0000000693863,0.0000182049,4.97,8954.6,8.8,736.5,1,"Up Scan","Positive",254,0,4.37,1.6,8,8,0,1,1,16.029,37.666,22.062,9.647,2.412,2988.92,48,21.2,NA,0,0,0,0,0,0,0,0,0,0,0,0,0,0,0,0,0,0,0,0,0,0,0,0,0,0,0,0,0,0,0,9138.88,6736.352,7237.28,6369.152,5486.848,5244.512,5037.216,4774.144,3992.832,3629.312,3204.096,2794.976,2447.776,2327.904,1979.36,1763.744,1517.568,1265.344,1111.776,1008.64,775.68,764.64,630.112,673.312,598.336,593.024,687.904,649.696,621.184,580.384,587.776,618.208,532.544,653.12,703.616,695.392,749.12,852.96,908.352,746.72,786.88,848.448,730.016,520.672,479.008,403.328,350.016,235.744,173.76,161.088,95.168,63.776,30.272,38.368,15.328,9.44,3.264,3.36,1.728,6.016,0,0,0,0,0,0,0,0,0,0,0,0,0,0,0,0,0,0,0,0,0,0,0,0,0,0,0,0,0,0,0,0,0,0,0,2.397,3.672,3.906,5.715,6.594,7.129,8.406,9.687,10.779,10.517,10.911,10.907,10.686,10.4,10.939,10.245,9.969,9.349,8.458,8.095,7.909,6.681,7.192,6.412,7.289,7.045,7.59,9.062,9.324,9.963,10.453,11.243,12.753,12.965,14.563,15.644,16.475,16.834,17.099,17.419,14.715,14.445,14.665,12.43,8.718,7.675,6.213,5.347,3.574,2.515,2.283,1.315,0.89,0.433,0.497,0.194,0.118,0.04,0.04,0.02,0.066,0.014,0,0,0,0
2026-08-30 07:03:00,1,"Normal Scan","Normal Scan",0,"ON",1,1,1,737.1,5,19.9,97.2,52.1,0.0000000692058,0.0000181761,4.97,8954.6,8.8,736.5,1,"Up Scan","Positive",254,0,4.37,1.6,8,8,0,1,1,17.095,36.595,22.367,9.647,2.323,3219.39,47,21,NA,0,0,0,0,0,0,0,0,0,0,0,0,0,0,0,0,0,0,0,0,0,0,0,0,0,0,0,0,0,0,0,7972.256,7303.712,6234.56,6395.968,5908.704,5201.536,5499.232,4998.336,4595.744,4443.264,4016.896,3785.28,3173.632,3066.688,2594.336,2260.416,1948.416,1717.696,1592.512,1145.568,1066.976,860,761.856,737.824,695.552,685.472,649.536,636.608,684.64,633.504,598.368,598.112,608.672,587.616,669.6,694.656,746.688,781.6,846.944,846.656,805.408,689.216,666.112,579.52,490.4,438.304,312.032,232.032,179.072,125.664,93.536,70.56,45.696,26.592,7.648,4.736,4.896,3.392,0,0,0,0,0,0,0,0,0,0,0,0,0,0,0,0,0,0,0,0,0,0,0,0,0,0,0,0,0,0,0,0,0,0,0,0,0,2.241,3.261,4.233,4.945,6.596,7.696,8.322,10.581,11.339,12.095,13.389,13.714,14.464,13.533,14.459,13.411,12.789,11.993,11.451,11.472,9.006,9.036,7.942,7.651,7.986,8.064,8.489,8.746,9.254,10.413,11.008,11.425,12.248,13.561,13.982,15.457,15.591,16.398,16.302,16.864,16.028,14.675,12.16,11.287,9.442,7.921,6.829,4.725,3.383,2.584,1.78,1.293,0.951,0.621,0.344,0.097,0.059,0.06,0.04,0,0,0.015,0,0,0,0
2026-08-30 07:08:00,1,"Normal Scan","Normal Scan",0,"ON",1,1,1,737.5,5,20.4,97.2,51.3,0.0000000693562,0.0000182001,4.97,8954.6,8.8,736.5,1,"Up Scan","Positive",254,0,4.37,1.6,8,8,0,1,1,15.777,36.589,21.605,9.647,2.387,3141.63,48,21.1,NA,0,0,0,0,0,0,0,0,0,0,0,0,0,0,0,0,0,0,0,0,0,0,0,0,0,0,0,0,0,0,0,9820.896,8362.528,7638.144,6690.528,6566.176,4755.264,4987.424,4522.304,4125.152,3546.496,3275.424,2867.104,2726.464,2431.712,2082.144,1918.016,1730.048,1483.136,1234.4,938.752,801.024,765.856,696.064,633.152,670.592,702.048,655.232,682.4,551.968,662.944,655.872,634.976,577.568,622.08,679.712,714.72,741.312,797.6,849.664,828.16,825.952,736.896,637.664,571.904,519.648,439.52,359.392,256.512,177.984,132,102.816,52.096,31.296,26.592,12.64,8.992,6.464,5.088,1.76,1.792,0,0,0,0,0,0,0,0,0,0,0,0,0,0,0,0,0,0,0,0,0,0,0,0,0,0,0,0,0,0,0,0,0,0,0,2.803,3.983,4.881,6.036,6.909,8.513,7.599,9.6,10.256,10.836,10.675,11.171,10.987,11.633,11.45,10.748,10.813,10.639,9.897,8.944,7.445,6.941,7.163,7.034,6.923,7.871,8.784,8.875,9.606,9.179,11.188,12.32,12.818,13.081,14.389,15.729,16.147,16.228,16.699,16.874,16.044,15.223,13.036,10.707,9.543,8.21,6.7,5.418,3.818,2.593,1.853,1.443,0.723,0.414,0.344,0.16,0.112,0.079,0.06,0.02,0.022,0,0,0,0,0
2026-08-30 07:13:00,1,"Normal Scan","Normal Scan",0,"ON",1,1,1,737.3,5,20.1,97.2,52,0.000000069266,0.0000181857,4.97,8954.6,8.8,736.5,1,"Up Scan","Positive",254,0,4.37,1.6,8,8,0,1,1,16.448,42.473,24.166,9.647,2.573,2574.7,48,21.1,NA,0,0,0,0,0,0,0,0,0,0,0,0,0,0,0,0,0,0,0,0,0,0,0,0,0,0,0,0,0,0,0,7355.584,6358.144,5387.008,5976.32,4872.576,3995.136,4040,3552.896,3146.048,2934.72,2378.144,2140.448,1854.24,1580.448,1368.064,1086.24,1003.232,799.936,769.312,834.016,716.736,639.904,606.72,578.304,641.856,721.344,868.672,1018.496,1034.784,1006.784,954.784,798.56,803.072,815.456,724.384,790.464,953.376,864.512,947.808,819.488,788.416,742.624,623.616,503.168,453.312,411.488,324.864,231.296,198.56,128.512,93.632,55.648,39.264,20.608,10.624,3.136,7.392,7.616,6.976,1.792,0,0,0,0,0,0,0,0,0,0,0,0,0,0,0,0,0,0,0,0,0,0,0,0,0,0,0,0,0,0,0,0,0,0,0,1.577,3.013,3.683,4.299,6.165,6.354,6.418,7.773,8.034,8.271,8.832,8.106,8.189,7.883,7.432,7.096,6.176,6.233,5.423,5.671,6.661,6.336,6.385,6.683,7.026,8.257,9.421,11.672,14.107,15.235,15.799,16.376,15.645,16.324,16.864,16.097,17.179,18.894,17.182,17.949,15.666,14.38,12.993,10.699,8.446,7.233,6.404,4.947,3.38,2.821,1.859,1.37,0.787,0.519,0.267,0.136,0.039,0.09,0.09,0.081,0.022,0,0,0,0,0
2026-08-30 07:18:00,1,"Normal Scan","Normal Scan",0,"ON",1,1,1,737.3,5,20.2,97.2,51.5,0.000000069296,0.0000181905,4.97,8954.6,8.8,736.5,1,"Up Scan","Positive",254,0,4.37,1.6,8,8,0,1,1,16.105,42.325,23.613,9.647,2.58,2315.72,48,21.1,NA,0,0,0,0,0,0,0,0,0,0,0,0,0,0,0,0,0,0,0,0,0,0,0,0,0,0,0,0,0,0,0,6700.544,5905.056,5122.08,4829.504,4293.088,4274.784,3834.528,3456.896,3072.672,2657.536,2259.072,1908.32,1631.072,1471.104,1282.272,1003.776,833.92,732.064,640.352,627.52,597.664,616.544,568.288,490.976,535.584,592.192,586.048,603.264,665.504,612.352,621.536,587.872,620.928,625.024,687.616,695.808,773.888,807.072,812.48,790.912,749.536,709.344,623.776,577.472,492.64,388.096,326.304,259.328,182.4,137.504,77.824,70.24,43.008,17.664,10.688,6.304,1.6,0,1.76,0,0,0,0,0,0,0,0,0,0,0,0,0,0,0,0,0,0,0,0,0,0,0,0,0,0,0,0,0,0,0,0,0,0,0,0,1.639,2.714,3.448,4.065,4.976,5.577,6.824,7.389,7.836,8.083,8.018,7.685,7.299,6.943,6.91,6.624,5.693,5.197,4.978,4.724,5.029,5.257,5.831,5.846,5.661,6.482,7.545,8.014,8.939,10.372,10.765,11.715,12.21,13.495,14.14,15.365,15.64,16.502,16.774,16.065,15.301,13.894,12.559,10.593,9.481,7.917,6.047,4.853,3.798,2.627,1.905,1.064,0.961,0.584,0.229,0.136,0.078,0.02,0,0.02,0,0.014,0,0,0,0
2026-08-30 07:23:00,1,"Normal Scan","Normal Scan",0,"ON",1,1,1,737.4,5,20.3,97.2,51.9,0.0000000693261,0.0000181953,4.97,8954.6,8.8,736.5,1,"Up Scan","Positive",254,0,4.37,1.6,8,8,0,1,1,16.104,42.005,23.524,9.647,2.57,2390.74,47,21.1,NA,0,0,0,0,0,0,0,0,0,0,0,0,0,0,0,0,0,0,0,0,0,0,0,0,0,0,0,0,0,0,0,6731.904,6583.84,5591.424,4481.984,4536.128,4177.504,3939.392,3656.32,2883.232,2525.056,2391.328,2123.552,1777.184,1601.312,1404.576,1195.232,947.424,816.96,702.304,576.608,594.464,567.808,568.096,619.584,619.488,573.408,635.968,579.776,601.472,616.288,567.52,577.28,623.616,622.496,655.008,722.112,796.128,803.552,818.368,801.984,804.928,781.824,724.832,614.016,481.984,432.576,327.488,239.104,172.8,114.144,71.808,56.288,25.952,14.72,9.184,11.072,4.832,5.056,3.488,0,0,0,0,0,0,0,0,0,0,0,0,0,0,0,0,0,0,0,0,0,0,0,0,0,0,0,0,0,0,0,0,0,0,0,0,1.704,2.702,3.886,4.456,4.624,5.904,6.695,7.572,8.286,7.586,7.606,8.144,8.124,7.557,7.51,7.248,6.75,5.861,5.528,5.223,4.706,5.241,5.437,5.815,6.803,7.276,7.276,8.585,8.67,9.596,10.663,11.12,12.317,13.777,14.332,15.15,16.526,17.431,16.825,16.238,15.424,14.549,13.544,11.937,9.767,7.697,6.557,4.876,3.477,2.566,1.618,1.023,0.757,0.343,0.191,0.116,0.137,0.06,0.06,0.041,0,0,0,0,0,0
2026-08-30 07:28:00,1,"Normal Scan","Normal Scan",0,"ON",1,1,1,737.1,5,19.9,97.2,51.7,0.0000000692058,0.0000181761,4.97,8954.6,8.8,736.5,1,"Up Scan","Positive",254,0,4.37,1.6,8,8,0,1,1,16.622,43.139,24.241,9.647,2.581,2311.38,48,21,NA,0,0,0,0,0,0,0,0,0,0,0,0,0,0,0,0,0,0,0,0,0,0,0,0,0,0,0,0,0,0,0,6386.272,5832.192,5109.44,4710.688,4138.336,3813.312,3614.784,3239.648,2696.672,2446.304,2196.128,1820.896,1796.16,1467.968,1442.592,1297.76,1232.576,1053.216,914.208,835.328,764.64,609.76,583.04,601.92,623.328,604.928,622.496,598.528,637.216,575.2,543.872,566.752,614.752,661.664,661.28,724.064,806.688,810.08,840.672,713.632,744.192,743.36,611.296,576.608,492.448,410.048,358.848,254.176,163.456,141.792,90.912,66.304,32.896,26.464,18.336,14.208,8.096,1.664,0,0,0,0,0,0,0,0,0,0,0,0,0,0,0,0,0,0,0,0,0,0,0,0,0,0,0,0,0,0,0,0,0,0,0,0,0,1.931,2.539,3.438,4.015,4.862,5.394,6.119,6.916,7.344,7.101,7.37,7.504,6.989,7.668,6.93,7.485,7.365,7.595,7.059,6.681,6.645,6.598,5.753,6.038,6.619,7.235,7.609,8.409,8.909,10.121,10.146,10.831,12.147,13.401,14.385,15.029,16.24,16.934,16.808,16.612,14.337,14.071,12.846,10.539,9.544,7.927,6.31,5.385,3.827,2.425,2.001,1.242,0.891,0.433,0.344,0.232,0.177,0.099,0.02,0,0,0,0,0,0,0
2026-08-30 07:33:00,1,"Normal Scan","Normal Scan",0,"ON",1,1,1,737.6,5,20.5,97.2,51.7,0.0000000693863,0.0000182049,4.97,8954.6,8.8,736.5,1,"Up Scan","Positive",254,0,4.37,1.6,8,8,0,1,1,19.925,34.559,23.229,9.647,2.124,4246.22,48,21.2,NA,0,0,0,0,0,0,0,0,0,0,0,0,0,0,0,0,0,0,0,0,0,0,0,0,0,0,0,0,0,0,0,7955.2,6682.144,6575.328,6515.584,5355.008,5212.736,5656.224,6574.4,6896.096,6691.072,6795.424,6435.296,5872.928,6177.088,5731.84,5099.616,4392.416,3411.872,3083.104,2576.32,2272.128,1737.696,1214.24,1001.664,784.32,646.112,675.104,649.184,618.08,562.4,636.512,615.392,553.792,616.704,642.688,733.376,691.136,856.896,828.576,854.816,793.792,702.752,769.6,590.528,533.824,441.12,320.64,253.984,208.416,125.344,98.24,68.768,37.056,19.2,11.936,11.36,4.96,1.696,3.488,1.792,0,0,0,0,0,0,0,0,0,0,0,0,0,0,0,0,0,0,0,0,0,0,0,0,0,0,0,0,0,0,0,0,0,0,0,2.521,3.225,3.918,5.23,6.738,6.969,8.368,10.907,14.942,18.188,20.247,23.27,24.721,25.071,29.073,29.613,28.777,26.885,22.611,21.985,19.708,18.625,15.334,11.705,10.362,8.874,8.197,8.951,9.288,9.796,9.999,11.879,12.856,12.809,14.452,15.118,16.281,16.315,17.618,16.805,16.17,14.588,12.688,12.857,9.653,8.558,6.779,4.818,3.751,3,1.781,1.382,0.946,0.489,0.248,0.151,0.141,0.06,0.02,0.041,0.022,0,0,0,0,0
2026-08-30 07:38:00,1,"Normal Scan","Normal Scan",0,"ON",1,1,1,737.2,5,20,97.2,51.9,0.0000000692359,0.0000181809,4.97,8954.6,8.8,736.5,1,"Up Scan","Positive",254,0,4.37,1.6,8,8,0,1,1,15.68,40.358,22.764,9.647,2.526,2621.33,48,21,NA,0,0,0,0,0,0,0,0,0,0,0,0,0,0,0,0,0,0,0,0,0,0,0,0,0,0,0,0,0,0,0,7426.72,6904.416,6245.536,6240.32,5399.904,4608.32,4235.296,3736.096,3102.688,3015.328,2604.896,2332.864,2002.368,1516.992,1345.152,1136.8,1119.744,904.992,790.56,714.944,669.472,614.336,641.44,598.016,653.568,674.208,629.504,601.12,651.296,621.696,567.776,663.136,646.432,676.864,650.4,706.048,748.352,759.136,842.816,844.768,797.632,790.432,695.488,645.6,539.744,417.408,343.2,226.016,193.472,155.84,107.072,41.408,31.392,25.472,10.272,11.072,3.296,3.328,0,0,0,0,0,0,0,0,0,0,0,0,0,0,0,0,0,0,0,0,0,0,0,0,0,0,0,0,0,0,0,0,0,0,0,0,0,2.492,2.987,4.005,4.98,6.487,7.029,7.41,8.129,8.482,8.163,9.076,8.887,8.921,8.531,7.148,6.968,6.466,6.919,6.13,5.827,5.785,5.894,5.802,6.535,6.672,7.686,8.309,8.693,9.024,10.143,10.766,11.181,13.077,14.076,15.099,15.399,16.408,16.632,16.535,17.056,16.004,14.681,13.574,11.892,10.692,8.384,6.417,5.161,3.319,2.785,2.223,1.462,0.557,0.414,0.33,0.13,0.137,0.04,0.04,0,0,0,0,0,0,0
2026-08-30 07:43:00,1,"Normal Scan","Normal Scan",0,"ON",1,1,1,737.6,5,20.5,97.2,51.3,0.0000000693863,0.0000182049,4.97,8954.6,8.8,736.5,1,"Up Scan","Positive",254,0,4.37,1.6,8,8,0,1,1,15.177,40.602,22.488,9.647,2.56,2600,48,21.1,NA,0,0,0,0,0,0,0,0,0,0,0,0,0,0,0,0,0,0,0,0,0,0,0,0,0,0,0,0,0,0,0,8472.32,6962.432,7190.272,5608.512,5122.368,4882.176,4291.648,3577.024,2858.816,2752.736,2290.496,1988.96,1735.936,1580.544,1227.424,1124.928,977.888,768.832,737.088,696.96,563.36,604.992,611.648,594.016,642.368,643.296,656.448,608.16,640.064,635.936,597.344,581.952,578.016,573.44,643.392,722.976,691.072,828.832,834.56,907.136,852.448,772.32,751.136,637.472,544.128,410.144,330.592,276.928,225.888,139.84,105.216,59.168,35.808,17.728,12.192,10.176,5.92,6.72,0,0,0,0,0,0,0,0,0,0,0,0,0,0,0,0,0,0,0,0,0,0,0,0,0,0,0,0,0,0,0,0,0,0,0,0,0,2.501,3.435,4.043,5.683,5.782,6.647,7.826,8.232,8.093,7.5,8.276,7.803,7.604,7.38,7.452,6.354,6.358,6.059,5.226,5.454,5.619,5.017,5.774,6.246,6.599,7.525,8.095,8.754,8.75,10.057,10.862,11.569,12.199,13.101,14.219,15.573,16.579,16.102,17.712,16.96,16.97,15.437,13.867,12.637,10.486,8.609,6.37,4.934,4.03,3.279,2.047,1.437,0.797,0.489,0.229,0.155,0.126,0.071,0.08,0,0,0.014,0,0,0,0
2026-08-30 07:48:00,1,"Normal Scan","Normal Scan",0,"ON",1,1,1,737.4,5,20.3,97.2,51.9,0.0000000693261,0.0000181953,4.97,8954.6,8.8,736.5,1,"Up Scan","Positive",254,0,4.37,1.6,8,8,0,1,1,15.677,41.661,23.127,9.647,2.574,2503.92,48,21.1,NA,0,0,0,0,0,0,0,0,0,0,0,0,0,0,0,0,0,0,0,0,0,0,0,0,0,0,0,0,0,0,0,7523.744,6558.112,5822.208,6289.472,4882.272,4380.256,3804.576,3443.936,2996.352,2691.488,2202.336,2081.12,1884.928,1494.944,1277.504,1128.544,950.752,783.648,712.384,743.328,642.336,589.568,689.344,613.248,629.472,599.84,696.192,676.032,609.824,533.6,604.032,637.568,599.52,684.896,663.936,748.224,755.584,849.376,799.776,807.04,767.2,739.456,669.024,593.952,535.232,472.96,374.144,270.56,188.256,154.752,98.944,64.864,55.584,32.416,13.792,9.536,3.296,0,0,0,0,0,0,0,0,0,0,0,0,0,0,0,0,0,0,0,0,0,0,0,0,0,0,0,0,0,0,0,0,0,0,0,0,0,0,2.138,3.063,3.83,4.574,6.494,6.336,7.015,7.303,7.781,7.884,8.117,7.515,7.954,8.01,7.033,6.62,6.414,5.9,5.358,5.281,5.961,5.64,5.675,6.999,6.728,7.29,7.702,9.227,9.733,9.919,9.737,11.483,13.07,13.387,15.123,15.306,16.772,16.657,17.652,16.482,16.068,14.43,13.168,11.519,9.847,8.528,7.412,5.654,3.976,2.724,2.175,1.352,0.872,0.734,0.42,0.174,0.118,0.04,0,0,0,0,0,0,0,0
2026-08-30 07:53:00,1,"Normal Scan","Normal Scan",0,"ON",1,1,1,737.3,5,20.1,97.2,51.5,0.000000069266,0.0000181857,4.97,8954.6,8.8,736.5,1,"Up Scan","Positive",254,0,4.37,1.6,8,8,0,1,1,15.971,35.537,21.374,9.647,2.345,3653.28,48,21.1,NA,0,0,0,0,0,0,0,0,0,0,0,0,0,0,0,0,0,0,0,0,0,0,0,0,0,0,0,0,0,0,0,13275.84,10936.544,8173.824,7344.416,6335.008,5355.328,4988.096,4184.608,4145.888,3876,3776.864,3425.216,3031.872,3001.28,2931.168,2779.968,2564.192,2161.984,2074.56,1765.76,1260.672,1088.128,870.592,820.256,735.328,677.376,771.2,743.52,668.672,652.416,640,626.496,573.76,580.64,619.424,764.736,767.296,790.24,865.568,845.024,861.088,791.232,713.024,668.672,561.344,478.304,371.872,279.68,217.696,164.672,113.024,75.008,51.36,23.584,16.832,11.072,8.128,6.72,0,1.792,0,0,0,0,0,0,0,0,0,0,0,0,0,0,0,0,0,0,0,0,0,0,0,0,0,0,0,0,0,0,0,0,0,0,0,4.857,5.39,6.374,6.483,7.576,8.24,8.594,9.614,9.511,10.926,11.673,12.938,13.147,12.988,14.223,15.225,15.704,15.733,14.358,14.877,13.648,10.588,9.977,8.696,8.82,8.414,8.538,10.115,10.284,10.339,11.174,12.269,12.763,13.299,13.963,15.417,17.371,17.201,17.274,17.9,16.384,16.044,14.203,12.329,11.025,9.032,7.48,5.577,4.143,3.174,2.371,1.557,1.026,0.678,0.306,0.213,0.137,0.099,0.08,0,0.022,0,0,0,0,0
2026-08-30 07:58:00,1,"Normal Scan","Normal Scan",0,"ON",1,1,1,737.6,5,20.5,97.2,51.8,0.0000000693863,0.0000182049,4.97,8954.6,8.8,736.5,1,"Up Scan","Positive",254,0,4.37,1.6,8,8,0,1,1,14.307,29.543,18.893,9.647,2.165,5135.65,47,21.2,NA,0,0,0,0,0,0,0,0,0,0,0,0,0,0,0,0,0,0,0,0,0,0,0,0,0,0,0,0,0,0,0,23713.92,17882.08,13631.776,11262.144,8632.416,7282.016,5951.52,5319.424,4848.992,5210.048,5345.728,5318.304,5400.096,5083.936,4519.008,3559.744,3185.504,2735.872,2294.944,1968.384,1388.416,1164.448,888.864,769.024,720.224,713.504,695.072,706.912,749.696,686.816,692,625.184,642.912,665.536,689.856,710.176,817.184,883.456,884.768,865.984,861.12,769.536,746.688,633.856,540.288,448.608,340.096,299.52,194.592,171.776,80.768,52.096,37.248,19.136,19.744,6.336,4.896,6.816,1.76,0,0,0,0,0,0,0,0,0,0,0,0,0,0,0,0,0,0,0,0,0,0,0,0,0,0,0,0,0,0,0,0,0,0,0,0,6.865,9.409,10.415,10.777,11.558,11.141,11.632,11.467,12.086,12.818,15.807,18.301,20.393,23.045,23.929,23.32,20.052,19.481,18.089,16.376,15.135,11.65,10.555,8.845,8.381,8.441,8.948,9.317,10.133,11.525,11.674,12.846,13.207,14.292,15.22,16.308,16.396,17.995,18.432,17.66,16.555,15.624,13.907,12.738,10.298,8.465,6.909,5.144,4.372,2.83,2.42,1.157,0.705,0.508,0.248,0.252,0.078,0.06,0.08,0.02,0,0.014,0,0,0,0
2026-08-30 08:03:00,1,"Normal Scan","Normal Scan",0,"ON",1,1,1,737.2,5,20,97.2,51.8,0.0000000692359,0.0000181809,4.97,8954.6,8.8,736.5,1,"Up Scan","Positive",254,0,4.37,1.6,8,8,0,1,1,17.267,36.592,22.166,9.647,2.343,3344.03,47,21.1,NA,0,0,0,0,0,0,0,0,0,0,0,0,0,0,0,0,0,0,0,0,0,0,0,0,0,0,0,0,0,0,0,10152.32,8654.336,7202.88,6481.664,5368.224,4531.936,4293.344,4214.88,4542.4,4421.76,4178.688,3840.64,3838.592,3513.888,2988.896,2542.944,2248.608,1768.8,1496.224,1207.936,881.664,804.704,760.992,696.608,700.064,667.2,740.352,620.928,681.376,635.328,656.768,632.032,673.344,663.904,621.024,769.344,795.168,822.464,887.552,863.36,741.28,724.064,676.768,619.36,513.824,427.744,362.24,267.04,193.12,152.992,106.912,59.424,51.488,19.168,9.152,7.936,8.16,3.36,1.76,0,0,0,0,0,0,0,0,0,0,0,0,0,0,0,0,0,0,0,0,0,0,0,0,0,0,0,0,0,0,0,0,0,0,0,0,3.18,4.145,5.053,5.736,6.67,7.02,7.262,8.257,9.598,12.005,13.356,14.303,14.724,16.355,16.517,15.409,14.301,13.748,11.775,10.798,9.455,7.58,7.535,7.625,7.63,8.133,8.446,9.821,9.222,10.617,11.013,12.335,13.108,14.476,15.125,14.586,16.946,17.288,17.213,17.603,16.546,14.153,12.869,11.737,10.142,8.172,6.745,5.383,3.882,2.831,2.195,1.461,0.816,0.697,0.248,0.116,0.098,0.099,0.04,0.02,0,0.014,0,0,0,0
2026-08-30 08:08:00,1,"Normal Scan","Normal Scan",0,"ON",1,1,1,737.6,5,20.6,97.2,51.2,0.0000000694164,0.0000182097,4.97,8954.6,8.8,736.5,1,"Up Scan","Positive",254,0,4.37,1.6,8,8,0,1,1,15.796,41.211,23.047,9.647,2.557,2606.17,48,21.2,NA,0,0,0,0,0,0,0,0,0,0,0,0,0,0,0,0,0,0,0,0,0,0,0,0,0,0,0,0,0,0,0,8264.928,6626.752,6421.248,5788.8,4779.68,4542.944,4043.008,3664.96,3243.232,2878.08,2293.024,2189.504,1810.976,1687.072,1403.04,1200.96,993.952,934.272,848.96,773.312,703.264,642.336,613.504,641.888,647.808,684.448,701.856,696.32,607.872,621.568,655.04,648.096,666.112,624.032,701.792,696.64,787.328,886.816,820.736,873.024,797.28,725.856,697.824,613.472,550.144,481.312,331.648,267.456,212.704,144.416,79.808,71.2,61.408,25.024,12.224,4.736,4.864,3.392,3.488,0,0,0,0,0,0,0,0,0,0,0,0,0,0,0,0,0,0,0,0,0,0,0,0,0,0,0,0,0,0,0,0,0,0,0,0,2.003,3.348,3.858,5.116,5.98,6.242,7.27,7.779,8.279,8.54,8.647,7.8,8.358,7.712,7.935,7.277,6.824,6.171,6.305,6.242,6.198,6.14,6.182,6.351,7,7.639,8.578,9.414,9.985,9.914,10.688,12.307,13.367,14.295,14.672,16.025,16.115,17.185,18.229,17.131,16.718,14.736,13.058,11.886,10.001,8.761,7.601,5.008,3.923,3.048,2.031,1.132,0.964,0.828,0.325,0.155,0.059,0.06,0.04,0.041,0,0.014,0,0,0,0
2026-08-30 08:13:00,1,"Normal Scan","Normal Scan",0,"ON",1,1,1,737.3,5,20.2,97.2,51.8,0.000000069296,0.0000181905,4.97,8954.6,8.8,736.5,1,"Up Scan","Positive",254,0,4.37,1.6,8,8,0,1,1,15.778,38.217,22.39,10.366,2.442,3036.44,48,21.2,NA,0,0,0,0,0,0,0,0,0,0,0,0,0,0,0,0,0,0,0,0,0,0,0,0,0,0,0,0,0,0,0,7560.64,9795.008,7912.544,6879.872,6089.664,4835.68,4308.672,3746.208,3549.856,3139.776,2672.32,2557.152,2233.312,1881.952,1745.248,1605.536,1287.712,1152.736,1323.2,1552.608,1520.48,1357.984,1073.952,882.016,800.64,700.096,654.368,704.672,728.96,693.216,632.672,598.016,596.256,634.816,689.792,747.232,804.32,833.28,827.488,837.28,881.632,764.736,646.72,609.6,521.44,447.04,340.32,240.224,198.176,130.432,91.936,56.128,44.096,19.264,9.184,6.336,4.928,3.392,3.488,0,0,0,0,0,0,0,0,0,0,0,0,0,0,0,0,0,0,0,0,0,0,0,0,0,0,0,0,0,0,0,0,0,0,0,0,2.117,3.087,5.726,6.276,7.094,7.904,7.733,8.272,8.515,9.336,9.469,9.143,9.785,9.506,8.916,9.149,9.269,8.153,7.905,9.679,12.101,12.685,12.195,10.477,9.441,9.164,8.704,8.825,10.031,11.225,11.808,11.978,12.743,13.478,14.443,16.273,16.802,17.177,17.314,16.715,16.174,15.924,13.279,10.969,9.983,8.244,6.942,5.105,3.487,2.841,1.868,1.297,0.761,0.584,0.248,0.116,0.078,0.06,0.04,0.041,0,0,0,0,0,0
2026-08-30 08:18:00,1,"Normal Scan","Normal Scan",0,"ON",1,1,1,737.5,5,20.4,97.2,51.2,0.0000000693562,0.0000182001,4.97,8954.6,8.8,736.5,1,"Up Scan","Positive",254,0,4.37,1.6,8,8,0,1,1,14.234,31.2,19.408,9.647,2.229,4202.79,48,21.2,NA,0,0,0,0,0,0,0,0,0,0,0,0,0,0,0,0,0,0,0,0,0,0,0,0,0,0,0,0,0,0,0,15447.424,13703.296,11800.896,10723.488,8970.176,7377.888,5550.624,4997.792,4643.04,4204.288,3734.272,3640.832,3480.832,3091.968,2830.432,2650.016,2325.344,2144.96,1752.064,1542.656,1298.88,1089.952,924.416,728.928,640.032,630.72,642.752,678.624,582.848,598.56,569.344,574.624,616.48,636.512,752.96,755.296,828.736,879.968,805.504,813.12,801.984,809.632,622.112,610.272,492.992,441.856,341.92,207.136,170.304,137.504,55.712,44.16,31.424,17.792,25.952,7.904,4.928,1.664,1.728,1.792,0,0,0,0,0,0,0,0,0,0,0,0,0,0,0,0,0,0,0,0,0,0,0,0,0,0,0,0,0,0,0,0,0,0,0,4.036,6.249,7.944,9.346,11.071,11.646,11.804,10.651,11.328,12.217,12.672,12.757,13.965,14.867,14.573,14.672,14.985,14.312,14.274,12.566,11.944,10.858,9.886,9.099,7.761,7.467,7.883,8.672,9.822,9.599,10.739,11.253,12.461,13.712,14.544,16.468,17.184,17.3,17.816,16.153,15.608,14.544,13.729,10.611,9.787,7.673,6.731,5.144,3.151,2.459,1.951,0.777,0.61,0.414,0.229,0.329,0.098,0.06,0.02,0.02,0.022,0,0,0,0,0
2026-08-30 08:23:00,1,"Normal Scan","Normal Scan",0,"ON",1,1,1,737.6,5,20.5,97.2,51.7,0.0000000693863,0.0000182049,4.97,8954.6,8.8,736.5,1,"Up Scan","Positive",254,0,4.37,1.6,8,8,0,1,1,15.089,38.902,22,9.647,2.514,2634.23,48,21.3,NA,0,0,0,0,0,0,0,0,0,0,0,0,0,0,0,0,0,0,0,0,0,0,0,0,0,0,0,0,0,0,0,9601.984,7806.848,6747.04,6001.728,4840.16,4388,3943.904,3574.368,3027.776,2595.872,2183.392,2022.176,1786.24,1491.456,1243.488,1162.208,1030.688,994.336,884.288,798.656,769.28,704.544,721.44,680.064,646.528,662.688,611.072,605.632,493.024,591.776,526.752,556.032,570.56,644.736,650.304,801.984,831.968,743.392,827.968,849.312,842.24,724.256,653.024,545.888,524.576,402.688,275.232,246.72,158.976,110.88,76.832,46.08,39.936,7.392,10.688,9.44,0,5.088,1.728,0,0,0,0,0,0,0,0,0,0,0,0,0,0,0,0,0,0,0,0,0,0,0,0,0,0,0,0,0,0,0,0,0,0,0,0,3.021,3.847,4.555,5.352,6.212,6.311,6.985,7.594,8.095,7.974,7.791,7.451,7.737,7.616,7.05,6.46,6.632,6.411,6.747,6.502,6.399,6.67,6.559,7.189,7.223,7.502,8.143,8.268,8.9,8.387,10.464,11.002,11.861,12.883,14.603,15.34,17.273,17.293,15.612,16.523,15.768,14.925,12.486,10.921,8.905,8.128,6.224,4.041,3.645,2.282,1.569,1.083,0.619,0.527,0.095,0.136,0.118,0,0.06,0.02,0,0,0,0,0,0
2026-08-30 08:28:00,1,"Normal Scan","Normal Scan",0,"ON",1,1,1,737.3,5,20.2,97.2,51.4,0.000000069296,0.0000181905,4.97,8954.6,8.8,736.5,1,"Up Scan","Positive",254,0,4.37,1.6,8,8,0,1,1,18.992,44.397,25.775,9.647,2.546,2270.78,47,21.2,NA,0,0,0,0,0,0,0,0,0,0,0,0,0,0,0,0,0,0,0,0,0,0,0,0,0,0,0,0,0,0,0,5395.552,5003.52,4222.272,4208.48,3702.112,3402.592,2735.104,2853.344,2461.952,2602.208,2558.016,2495.968,2002.4,2058.336,1732.224,1631.84,1388.928,1309.088,1172.384,981.184,913.6,790.784,773.664,731.904,771.616,686.56,672.768,620.768,534.592,521.856,560.512,513.888,556.224,599.488,627.584,717.216,904.064,897.056,842.368,874.976,843.104,772.96,591.648,568.288,488.448,402.304,301.696,191.104,143.168,128.512,68.48,59.232,21.472,22.24,9.12,12.64,4.896,5.088,1.728,0,0,0,0,0,0,0,0,0,0,0,0,0,0,0,0,0,0,0,0,0,0,0,0,0,0,0,0,0,0,0,0,0,0,0,0,1.816,2.191,2.899,3.333,4.351,4.831,5.452,5.279,6.503,6.5,7.834,8.743,9.564,8.555,9.717,8.99,9.259,8.594,8.798,8.555,7.831,7.832,7.355,7.694,7.74,8.693,8.363,8.789,9.027,8.9,9.467,11.28,11.944,12.963,14.176,15.074,16.278,18.077,17.826,16.267,16.457,14.818,12.892,10.048,9.248,7.786,6.077,4.599,2.779,2.144,1.831,0.968,0.798,0.301,0.287,0.116,0.157,0.06,0.06,0.02,0,0.014,0,0,0,0
2026-08-30 08:33:00,1,"Normal Scan","Normal Scan",0,"ON",1,1,1,737.7,5,20.7,97.2,51.2,0.0000000694465,0.0000182145,4.97,8954.6,8.8,736.5,1,"Up Scan","Positive",254,0,4.37,1.6,8,8,0,1,1,16.841,36.358,21.951,9.647,2.371,3340.31,47,21.3,NA,0,0,0,0,0,0,0,0,0,0,0,0,0,0,0,0,0,0,0,0,0,0,0,0,0,0,0,0,0,0,0,12622.4,10132.96,7776.576,6279.04,4933.856,4276.032,3396.288,3232.32,3482.816,3533.312,3574.4,3507.424,3479.584,3001.632,2768.352,2533.152,2240.832,2136.864,1867.488,1588.448,1362.976,1075.488,916.576,829.088,732.736,767.904,731.68,698.752,667.68,598.24,633.632,550.112,633.056,668.544,702.72,708.256,820.896,823.104,870.176,878.528,805.536,761.248,654.304,580.864,485.28,440.256,377.664,252.448,167.968,120.704,85.6,52.416,31.456,10.4,10.752,12.64,3.232,3.36,0,0,0,0,0,0,0,0,0,0,0,0,0,0,0,0,0,0,0,0,0,0,0,0,0,0,0,0,0,0,0,0,0,0,0,0,0,3.808,5.079,5.898,6.157,6.433,6.388,6.845,6.545,7.344,9.211,10.682,12.252,13.453,14.872,14.192,14.357,14.378,13.798,14.232,13.431,12.334,11.471,9.816,9.083,8.785,8.465,9.345,9.641,10.074,10.518,10.591,12.016,12.007,14.006,15.143,16.062,16.237,17.417,17.098,16.84,16.745,14.967,13.2,10.87,9.463,7.719,6.705,5.517,3.734,2.476,1.707,1.168,0.705,0.433,0.134,0.136,0.157,0.04,0.04,0,0,0.014,0,0,0,0
2026-08-30 08:38:00,1,"Normal Scan","Normal Scan",0,"ON",1,1,1,737.3,5,20.1,97.2,51.3,0.000000069266,0.0000181857,4.97,8954.6,8.8,736.5,1,"Up Scan","Positive",254,0,4.37,1.6,8,8,0,1,1,18.149,43.91,25.34,9.647,2.573,2428.61,47,21.2,NA,0,0,0,0,0,0,0,0,0,0,0,0,0,0,0,0,0,0,0,0,0,0,0,0,0,0,0,0,0,0,0,7324.736,5962.464,5640.544,3702.464,4017.12,3453.888,3032.576,2527.36,2606.464,2208.8,2092.448,2174.816,1823.552,1741.92,1656.48,1563.712,1503.424,1388,1297.152,1159.424,1172.064,967.36,874.272,821.12,836.352,764.768,804.48,794.688,798.688,642.688,647.776,667.808,650.88,649.472,700.224,804.544,848.064,926.688,898.176,872.832,827.936,700.736,670.144,569.376,473.888,409.056,317.6,203.68,184.256,126.976,72.896,49.088,25.248,29.504,18.336,7.808,1.664,5.056,0,1.792,0,0,0,0,0,0,0,0,0,0,0,0,0,0,0,0,0,0,0,0,0,0,0,0,0,0,0,0,0,0,0,0,0,0,0,2.304,2.938,3.459,4.448,3.811,5.212,5.544,5.804,5.763,6.864,6.663,7.171,8.348,7.811,8.264,8.646,8.954,9.34,9.352,9.477,9.188,9.973,8.998,8.753,8.949,9.572,9.395,10.557,11.217,12.094,11.392,12.448,13.842,14.32,14.973,16.002,17.14,17.746,18.225,17.39,16.288,14.85,12.169,11.286,9.346,7.389,6.23,4.864,3.096,2.617,1.797,1.024,0.676,0.35,0.382,0.232,0.098,0.02,0.06,0,0.022,0.014,0,0,0,0
2026-08-30 08:43:00,1,"Normal Scan","Normal Scan",0,"ON",1,1,1,737.5,5,20.4,97.2,50.7,0.0000000693562,0.0000182001,4.97,8954.6,8.8,736.5,1,"Up Scan","Positive",254,0,4.37,1.6,8,8,0,1,1,18.623,47.272,26.875,9.647,2.652,2255.65,47,21.2,NA,0,0,0,0,0,0,0,0,0,0,0,0,0,0,0,0,0,0,0,0,0,0,0,0,0,0,0,0,0,0,0,5837.6,5560.256,4276.448,4518.592,3354.304,3045.024,2894.368,2875.264,2445.184,2056.128,1708.448,1793.472,1545.824,1457.216,1304.32,1221.568,1307.68,1262.784,1124.672,1033.216,985.824,946.112,879.648,891.968,897.312,960.64,843.232,794.976,740,694.336,641.952,639.136,678.368,700.832,786.464,882.048,886.72,870.912,875.424,940.224,834.592,800.672,714.176,629.792,507.36,448.224,323.296,256.16,162.048,129.216,80.832,55.264,39.968,20.608,15.232,3.2,0,1.696,0,0,0,0,0,0,0,0,0,0,0,0,0,0,0,0,0,0,0,0,0,0,0,0,0,0,0,0,0,0,0,0,0,0,0,0,0,1.795,2.34,3.244,3.399,4.663,4.348,4.885,5.58,6.503,6.435,6.185,5.829,6.905,6.627,6.914,6.835,7.009,8.145,8.544,8.292,8.323,8.636,8.824,8.853,9.544,10.198,11.445,11.038,11.319,11.559,12.224,12.792,13.238,14.968,15.893,17.398,18.928,18.689,17.861,17.364,17.461,15.046,13.908,11.907,10.098,8.006,6.9,4.861,3.738,2.322,1.792,1.119,0.742,0.546,0.267,0.194,0.039,0,0.02,0,0,0.014,0,0,0,0
2026-08-30 08:48:00,1,"Normal Scan","Normal Scan",0,"ON",1,1,1,737.6,5,20.5,97.2,51.3,0.0000000693863,0.0000182049,4.97,8954.6,8.8,736.5,1,"Up Scan","Positive",254,0,4.37,1.6,8,8,0,1,1,19.827,47.808,27.568,9.647,2.625,2194.41,47,21.3,NA,0,0,0,0,0,0,0,0,0,0,0,0,0,0,0,0,0,0,0,0,0,0,0,0,0,0,0,0,0,0,0,5211.936,4502.688,4042.944,4075.872,3271.52,3398.976,2873.568,2540.704,2247.328,2002.304,1906.688,1683.84,1525.152,1544.416,1485.152,1444.16,1350.752,1333.152,1244.736,1267.616,1045.152,971.584,939.04,901.696,875.616,925.76,865.536,768.48,788.928,765.792,659.904,640.576,650.336,615.776,739.648,706.368,844.352,781.952,954.496,906.08,826.336,784.8,679.424,630.848,521.632,384.128,316.736,263.648,173.728,120.032,92.768,37.44,34.816,25.504,6.08,12.672,6.528,0,1.76,1.792,0,0,0,0,0,0,0,0,0,0,0,0,0,0,0,0,0,0,0,0,0,0,0,0,0,0,0,0,0,0,0,0,0,0,0,1.671,2.104,2.612,3.208,4.191,4.261,5.433,5.505,5.767,5.903,6.045,6.531,6.474,6.555,7.331,7.773,8.264,8.423,9.02,9.13,10.046,9.08,9.058,9.362,9.756,10.052,11.134,11.174,10.803,11.969,12.628,12.68,12.995,14.426,14.878,16.693,16.212,17.848,16.686,18.243,16.758,15.125,13.496,11.539,10.125,8.104,5.914,4.793,3.821,2.572,1.69,1.278,0.526,0.459,0.329,0.077,0.157,0.079,0,0.02,0.022,0,0,0,0,0
2026-08-30 08:53:00,1,"Normal Scan","Normal Scan",0,"ON",1,1,1,737.2,5,20,97.2,51.2,0.0000000692359,0.0000181809,4.97,8954.6,8.8,736.5,1,"Up Scan","Positive",254,0,4.37,1.6,8,8,0,1,1,17.814,36.188,22.797,10.366,2.264,3836.24,47,21.1,NA,0,0,0,0,0,0,0,0,0,0,0,0,0,0,0,0,0,0,0,0,0,0,0,0,0,0,0,0,0,0,0,6737.824,7584.416,7539.712,6706.08,6578.432,6467.296,6800.192,6545.44,6329.92,6133.12,5358.208,4941.568,4743.936,4018.368,3423.232,2869.728,2331.744,1785.728,1462.752,1313.184,1175.456,1114.624,1110.976,975.808,955.168,887.84,952.352,954.4,855.456,757.472,703.744,712.8,697.92,667.232,710.4,854.368,823.072,889.984,888.128,983.872,913.568,841.312,810.496,722.464,555.648,461.024,364.064,247.104,184.064,114.432,72.448,55.264,32.8,14.752,12.16,9.472,3.296,3.36,0,0,0,0,0,0,0,0,0,0,0,0,0,0,0,0,0,0,0,0,0,0,0,0,0,0,0,0,0,0,0,0,0,0,0,0,0,2.159,2.727,4.418,5.97,6.942,8.567,10.385,13.123,14.819,16.674,18.503,18.315,18.89,20.131,18.84,17.643,16.172,14.363,12.009,10.707,10.413,10.106,10.381,11.098,10.483,10.867,10.892,12.274,13.032,12.875,12.946,13.196,14.586,15.148,16,16.926,18.805,18.626,18.801,17.688,18.401,16.459,14.319,13.271,11.457,8.682,7.036,5.421,3.598,2.654,1.637,1.004,0.742,0.433,0.191,0.155,0.118,0.04,0.04,0,0,0,0,0,0,0
2026-08-30 08:58:00,1,"Normal Scan","Normal Scan",0,"ON",1,1,1,737.7,5,20.7,97.2,51.2,0.0000000694465,0.0000182145,4.97,8954.6,8.8,736.5,1,"Up Scan","Positive",254,0,4.37,1.6,8,8,0,1,1,20.217,48.298,27.803,9.647,2.644,2363.16,48,21.3,NA,0,0,0,0,0,0,0,0,0,0,0,0,0,0,0,0,0,0,0,0,0,0,0,0,0,0,0,0,0,0,0,5838.4,5109.248,4979.744,4081.12,3485.024,3283.712,2914.976,2522.72,2218.304,2025.76,1759.936,1727.52,1701.344,1625.984,1474.464,1603.072,1431.904,1472.736,1374.88,1271.328,1250.528,1142.112,1091.552,1030.432,1029.344,1011.744,942.624,990.048,891.616,786.944,695.84,660.704,709.984,725.376,764.256,877.984,977.824,931.04,920.64,906.528,946.656,790.08,766.048,661.408,562.176,507.712,349.6,256.736,183.776,138.528,81.952,42.88,34.176,22.048,18.368,9.184,5.248,5.088,0,0,0,0,0,0,0,0,0,0,0,0,0,0,0,0,0,0,0,0,0,0,0,0,0,0,0,0,0,0,0,0,0,0,0,0,0,1.515,2.354,2.937,3.96,4.198,4.537,5.289,5.591,5.728,5.837,6.125,6.031,6.635,7.31,7.732,7.734,9.176,8.942,10.001,10.113,10.17,10.767,10.639,10.984,11.031,11.599,12.106,12.173,13.637,13.51,13.217,13.641,14.199,15.267,16.46,17.733,18.987,20.415,19.255,18.186,17.41,16.905,13.815,12.756,10.69,8.704,7.732,5.237,3.804,2.677,1.959,1.15,0.575,0.452,0.286,0.232,0.113,0.064,0.06,0,0,0,0,0,0,0
2026-08-30 09:03:00,1,"Normal Scan","Normal Scan",0,"ON",1,1,1,738.2,5,21.3,97.2,51,0.000000069627,0.0000182432,4.97,8954.6,8.8,736.5,1,"Up Scan","Positive",254,0,4.37,1.6,8,8,0,1,1,17.002,40.825,23.973,9.647,2.497,3220.42,47,21.5,NA,0,0,0,0,0,0,0,0,0,0,0,0,0,0,0,0,0,0,0,0,0,0,0,0,0,0,0,0,0,0,0,9796.8,8560.96,6992.32,6138.048,5452.32,4839.36,4578.56,3938.208,3429.216,3070.112,2577.696,2392.288,2295.872,2115.776,2093.408,2071.648,2127.68,1925.728,1761.184,1626.048,1585.216,1272.384,1193.184,1180.832,1129.632,1062.88,1026.56,913.536,795.36,770.56,715.84,699.744,727.04,745.856,860.544,914.592,872.928,959.584,1073.12,1005.952,1027.36,872.032,945.44,743.04,610.24,496.064,321.088,260.512,176.256,103.616,76.48,50.176,28.544,22.144,12.128,7.84,3.296,5.056,3.488,0,0,0,0,0,0,0,0,0,0,0,0,0,0,0,0,0,0,0,0,0,0,0,0,0,0,0,0,0,0,0,0,0,0,0,0,2.895,3.947,4.98,5.55,6.309,7.066,7.726,8.771,8.902,9.008,9.249,8.821,9.211,9.834,10.06,10.927,11.856,13.172,12.962,12.874,12.863,13.473,11.776,11.774,12.392,12.561,12.739,13.103,12.756,12.529,13.404,13.953,14.744,16.266,17.673,19.552,20.021,20,20.04,20.781,18.575,17.912,14.897,15.13,11.757,9.417,7.501,4.895,3.797,2.51,1.491,1.083,0.679,0.376,0.286,0.155,0.098,0.04,0.06,0.041,0,0,0,0,0,0
2026-08-30 09:08:00,1,"Normal Scan","Normal Scan",0,"ON",1,1,1,738.8,5,22.2,97.2,50.5,0.0000000698979,0.0000182863,4.97,8954.6,8.8,736.5,1,"Up Scan","Positive",254,0,4.37,1.6,8,8,0,1,1,17.519,37.158,22.881,9.647,2.347,3984.5,47,22,NA,0,0,0,0,0,0,0,0,0,0,0,0,0,0,0,0,0,0,0,0,0,0,0,0,0,0,0,0,0,0,0,13302.88,8385.216,7330.08,7015.648,6422.176,6196.128,5614.816,5396.064,5263.936,4479.168,4586.624,4390.624,3703.52,3380.512,3103.488,2838.176,2832.256,2620.448,2147.456,2053.152,1780.832,1503.52,1370.496,1304.224,1194.08,1137.888,1121.984,977.856,926.272,761.12,678.336,677.344,690.848,734.144,691.904,869.472,895.68,989.024,1071.424,1122.848,1028.128,994.944,880.48,766.528,623.872,501.6,365.984,274.016,203.584,118.56,81.696,33.376,30.24,14.72,7.68,1.568,6.528,3.36,1.728,3.616,0,0,0,0,0,0,0,0,0,0,0,0,0,0,0,0,0,0,0,0,0,0,0,0,0,0,0,0,0,0,0,0,0,0,0,4.114,5.34,4.879,5.77,7.255,8.362,9.892,10.767,12.226,13.821,13.469,15.624,16.807,15.803,15.941,16.142,16.148,17.459,17.522,15.597,16.082,15.067,13.811,13.498,13.616,13.223,13.431,13.981,13.391,13.836,13.011,13.402,14.611,16.166,17.738,17.462,20.103,20.038,20.679,20.848,20.449,18.059,16.924,14.398,12.085,9.483,7.612,5.375,3.991,2.914,1.705,1.13,0.481,0.432,0.191,0.097,0.02,0.079,0.04,0.02,0.045,0.028,0,0,0,0
2026-08-30 09:13:00,1,"Normal Scan","Normal Scan",0,"ON",1,1,1,739.4,5,22.9,97.2,50.1,0.0000000701087,0.0000183197,4.97,8954.6,8.8,736.5,1,"Up Scan","Positive",254,0,4.37,1.6,8,8,0,1,1,17.646,36.335,22.444,9.647,2.342,4124.83,46,22.5,NA,0,0,0,0,0,0,0,0,0,0,0,0,0,0,0,0,0,0,0,0,0,0,0,0,0,0,0,0,0,0,0,15670.944,11453.696,8576.8,6237.216,5793.504,4578.048,4809.472,4770.304,4665.472,4622.912,4389.408,4527.264,4071.2,4068.448,3645.728,3414.88,3111.104,2729.536,2275.552,1960.192,1762.112,1577.632,1514.336,1287.968,1130.976,1140.48,1073.984,1022.88,924.544,839.488,719.68,682.24,661.696,676.384,817.888,827.648,939.2,1044.256,1056.032,1123.584,1011.424,1036.512,889.888,685.248,630.24,475.136,351.392,262.656,150.688,122.08,64.448,36.512,21.408,23.552,16.768,6.304,3.296,3.36,6.976,1.792,0,0,0,0,0,0,0,0,0,0,0,0,0,0,0,0,0,0,0,0,0,0,0,0,0,0,0,0,0,0,0,0,0,0,0,5.669,6.224,6.573,6.798,6.4,7.502,7.322,9.224,10.789,12.257,13.911,14.994,17.342,17.348,19.148,18.853,19.292,19.146,18.277,16.485,15.347,14.915,14.411,14.738,13.508,12.725,13.504,13.492,13.8,13.939,14.088,13.919,14.895,15.714,16.894,18.967,19.76,20.499,20.898,20.669,20.107,17.684,17.214,14.393,10.789,9.624,7.133,5.299,3.868,2.171,1.741,0.929,0.518,0.282,0.305,0.213,0.078,0.04,0.04,0.081,0.023,0,0,0,0,0
2026-08-30 09:18:00,1,"Normal Scan","Normal Scan",0,"ON",1,1,1,738.6,5,21.9,97.2,49.5,0.0000000698076,0.0000182719,4.97,8954.6,8.8,736.5,1,"Up Scan","Positive",254,0,4.37,1.6,8,8,0,1,1,17.94,41.088,24.345,9.647,2.476,2952.86,45,22.4,NA,0,0,0,0,0,0,0,0,0,0,0,0,0,0,0,0,0,0,0,0,0,0,0,0,0,0,0,0,0,0,0,9107.072,7102.4,5210.592,4824.96,4627.072,4293.824,4365.312,3761.12,3584.512,3355.392,2991.808,2789.12,2674.56,2365.952,2203.36,1992,1811.68,1715.104,1458.912,1400.992,1265.44,1186.912,1065.152,1037.792,1023.584,971.456,928.128,813.984,675.264,657.312,553.952,641.984,633.024,703.136,743.584,825.632,920.064,959.584,986.528,976.448,962.688,855.808,799.584,646.752,571.776,441.44,341.12,211.52,188.992,90.208,62.336,54.944,18.496,14.72,12.384,9.216,3.232,1.696,0,0,0,0,0,0,0,0,0,0,0,0,0,0,0,0,0,0,0,0,0,0,0,0,0,0,0,0,0,0,0,0,0,0,0,0,0,3.031,3.66,4.134,4.122,4.933,5.975,6.884,8.406,8.519,9.418,10.079,10.194,10.663,11.415,11.166,11.442,11.321,11.238,11.545,10.7,11.112,10.842,10.985,10.442,10.86,11.327,11.394,11.875,11.524,10.819,11.682,11.65,13.915,15.015,16.278,17.436,18.479,19.71,19.18,19.202,17.996,16.627,14.568,12.947,10.137,8.911,6.588,5.042,3.144,2.72,1.251,0.866,0.738,0.244,0.191,0.157,0.115,0.04,0.02,0,0,0,0,0,0,0
2026-08-30 09:23:00,1,"Normal Scan","Normal Scan",0,"ON",1,1,1,737.9,5,21,97.2,48.7,0.0000000695367,0.0000182289,4.97,8954.6,8.8,736.5,1,"Up Scan","Positive",254,0,4.37,1.6,8,8,0,1,1,14.932,28.162,18.764,9.647,2.106,5995.23,44,22.2,NA,0,0,0,0,0,0,0,0,0,0,0,0,0,0,0,0,0,0,0,0,0,0,0,0,0,0,0,0,0,0,0,30962.4,21766.752,14227.68,10508.032,8188.032,6721.504,6403.84,6498.272,6482.304,6687.264,6607.136,6649.824,6630.912,5967.808,5283.584,4569.952,4143.264,3856.96,3209.856,2543.456,2033.12,1581.664,1262.72,1066.592,974.464,937.504,799.616,846.56,796.096,683.072,562.688,632.256,632.64,668.256,778.688,937.056,875.904,896.512,997.216,995.488,936,809.632,793.664,607.808,539.712,387.872,291.52,206.4,157.664,81.952,54.976,42.784,30.112,11.776,9.12,11.008,3.296,5.056,0,0,0,0,0,0,0,0,0,0,0,0,0,0,0,0,0,0,0,0,0,0,0,0,0,0,0,0,0,0,0,0,0,0,0,0,0,11.351,12.337,12.55,11.218,10.78,10.604,10.804,12.369,14.769,17.108,20.23,22.612,25.478,28.29,28.124,27.32,25.791,25.358,25.492,22.868,19.622,16.911,14.157,12.345,11.233,10.91,11.135,10.497,11.773,12.21,12.175,11.976,13.527,14.509,15.986,17.842,19.614,18.864,18.065,18.85,17.835,16.031,13.767,12.628,9.544,8.327,5.956,4.324,3.029,2.298,1.186,0.767,0.575,0.414,0.153,0.116,0.137,0.04,0.06,0,0,0.014,0,0,0,0
2026-08-30 09:28:00,1,"Normal Scan","Normal Scan",0,"ON",1,1,1,737.5,5,20.4,97.2,48.5,0.0000000693562,0.0000182001,4.97,8954.6,8.8,736.5,1,"Up Scan","Positive",254,0,4.37,1.6,8,8,0,1,1,16.37,39.484,23.115,9.647,2.485,2922.35,45,22,NA,0,0,0,0,0,0,0,0,0,0,0,0,0,0,0,0,0,0,0,0,0,0,0,0,0,0,0,0,0,0,0,9424.224,8657.344,6394.976,5640.256,5510.88,4425.312,3781.792,3496.192,3396.992,3077.376,2582.144,2248.8,2235.072,2024.544,1748.352,1750.592,1487.968,1285.472,1293.056,1189.824,1103.776,1051.904,1009.248,1008.864,902.784,907.488,862.56,891.616,725.952,723.04,681.184,574.304,642.144,640.864,630.656,789.632,944.896,955.008,951.04,931.744,968.832,851.552,693.504,629.632,482.208,423.36,265.952,219.648,137.28,104.16,58.976,40.16,18.688,23.68,9.152,0,3.296,1.696,1.728,1.792,0,0,0,0,0,0,0,0,0,0,0,0,0,0,0,0,0,0,0,0,0,0,0,0,0,0,0,0,0,0,0,0,0,0,0,3.177,3.771,4.995,5.08,5.833,7.16,7.109,7.259,7.906,8.939,9.29,8.811,8.636,9.548,9.575,9.108,9.967,9.265,8.743,9.52,9.489,9.521,9.791,10.075,10.708,10.192,10.968,11.052,12.213,11.259,12.225,13.173,13.056,14.682,15.241,15.866,17.814,19.126,19.024,17.972,16.968,16.66,14.083,11.384,9.874,7.467,6.358,4.062,3.202,1.945,1.493,0.822,0.556,0.264,0.306,0.116,0,0.04,0.02,0.02,0.022,0.014,0,0,0,0
2026-08-30 09:33:00,1,"Normal Scan","Normal Scan",0,"ON",1,1,1,737.2,5,20,97.2,49,0.0000000692359,0.0000181809,4.97,8954.6,8.8,736.5,1,"Up Scan","Positive",254,0,4.37,1.6,8,8,0,1,1,17.42,39.785,23.875,9.647,2.448,2883.37,46,21.7,NA,0,0,0,0,0,0,0,0,0,0,0,0,0,0,0,0,0,0,0,0,0,0,0,0,0,0,0,0,0,0,0,8804,7498.144,5672.544,5525.216,4615.584,4134.208,4055.776,3575.776,3232.64,2983.36,2523.872,2310.88,2144.256,1875.904,1741.984,1968.832,2120.832,1979.52,1919.776,1592.832,1400.544,1190.592,1107.328,1048,970.88,914.912,921.344,858.368,744.704,691.04,544.608,611.52,638.08,653.792,761.568,842.72,776.128,865.344,930.848,898.88,822.976,756.48,706.464,601.504,475.136,358.016,287.104,219.584,128.48,106.976,53.888,39.712,28.832,10.272,10.72,6.304,4.864,0,1.728,1.792,0,0,0,0,0,0,0,0,0,0,0,0,0,0,0,0,0,0,0,0,0,0,0,0,0,0,0,0,0,0,0,0,0,0,0,3.259,3.573,4.32,4.509,5.724,6.009,6.619,7.796,8.143,8.516,8.991,8.639,8.893,9.233,8.962,9.154,11.253,13.13,13.293,13.913,12.524,11.893,10.978,10.935,11.017,10.801,10.921,11.768,11.845,11.615,12.106,11.061,12.861,14.171,15.428,16.787,17.787,16.893,17.631,17.314,16.373,14.505,12.681,11.502,9.535,7.393,5.491,4.21,3.267,1.903,1.489,0.753,0.552,0.414,0.134,0.136,0.079,0.06,0,0.02,0.021,0.029,0,0,0,0
2026-08-30 09:38:00,1,"Normal Scan","Normal Scan",0,"ON",1,1,1,737.5,5,20.4,97.2,49.2,0.0000000693562,0.0000182001,4.97,8954.6,8.8,736.5,1,"Up Scan","Positive",254,0,4.37,1.6,8,8,0,1,1,18.683,31.752,21.679,9.647,2.106,4827.76,47,21.6,NA,0,0,0,0,0,0,0,0,0,0,0,0,0,0,0,0,0,0,0,0,0,0,0,0,0,0,0,0,0,0,0,14045.152,11306.592,8684.448,7068.96,7328.832,6575.104,6123.872,6194.496,5938.88,5942.4,6456.032,5968.608,6107.2,5813.472,5986.752,5526.88,4895.712,4305.696,3627.488,2787.68,2414.624,1766.4,1393.696,1209.056,1006.432,995.296,877.152,826.912,698.496,705.44,615.552,575.84,624.704,730.752,743.36,782.368,856.544,865.728,891.456,801.472,795.904,819.552,667.04,560.064,455.52,360.224,215.264,172.352,130.304,77.792,59.36,47.424,14.464,8.832,10.688,11.072,4.896,5.056,7.008,0,0,0,0,0,0,0,0,0,0,0,0,0,0,0,0,0,0,0,0,0,0,0,0,0,0,0,0,0,0,0,0,0,0,0,0,4.378,5.652,6.61,6.867,7.266,9.524,10.542,11.802,14.089,15.716,18.022,22.11,23.008,26.143,27.467,30.921,31.183,29.937,28.464,25.854,21.454,19.97,15.838,13.47,12.482,11.303,11.711,11.222,11.597,11.169,12.123,11.807,12.654,13.985,15.626,16.29,17.264,17.523,17.08,16.79,14.628,13.552,13.564,10.669,8.917,7.163,5.42,3.218,2.593,1.928,1.132,0.861,0.665,0.207,0.115,0.136,0.137,0.06,0.06,0.081,0,0.014,0,0,0,0
2026-08-30 09:43:00,1,"Normal Scan","Normal Scan",0,"ON",1,1,1,737.7,5,20.7,97.2,50.3,0.0000000694465,0.0000182145,4.97,8954.6,8.8,736.5,1,"Up Scan","Positive",254,0,4.37,1.6,8,8,0,1,1,14.76,31.244,19.796,9.647,2.22,4190.55,47,21.7,NA,0,0,0,0,0,0,0,0,0,0,0,0,0,0,0,0,0,0,0,0,0,0,0,0,0,0,0,0,0,0,0,15624.768,12775.008,11084.288,9210.592,8754.656,7179.744,6148.192,5330.784,4694.816,4083.936,4036.8,3562.24,3674.496,3311.392,2839.392,2709.28,2439.104,2068.864,1836.832,1502.048,1278.272,1241.248,1041.184,1039.328,973.952,820.832,835.264,743.936,685.984,626.88,613.248,599.936,613.152,702.944,759.776,760.32,847.744,783.968,893.952,866.368,822.176,828.128,637.696,598.816,470.976,355.488,266.816,194.08,106.336,89.152,52.256,41.408,17.12,4.416,10.688,3.136,1.6,0,1.728,0,0,0,0,0,0,0,0,0,0,0,0,0,0,0,0,0,0,0,0,0,0,0,0,0,0,0,0,0,0,0,0,0,0,0,0,4.994,6.312,7.395,8.723,9.477,11.322,11.465,11.76,12.064,12.399,12.3,13.796,13.651,15.676,15.61,14.707,15.319,15.031,13.832,13.322,11.838,10.842,11.333,10.222,10.864,10.845,9.967,10.712,10.672,10.823,11.128,12.048,12.466,13.838,15.629,16.739,17.053,17.367,16.266,16.832,15.604,14.198,13.536,10.191,9.469,7.289,5.321,3.909,2.854,1.521,1.235,0.73,0.556,0.226,0.057,0.136,0.039,0.02,0,0.02,0,0,0,0,0,0
2026-08-30 09:48:00,1,"Normal Scan","Normal Scan",0,"ON",1,1,1,737.6,5,20.5,97.2,50.5,0.0000000693863,0.0000182049,4.97,8954.6,8.8,736.5,1,"Up Scan","Positive",254,0,4.37,1.6,8,8,0,1,1,14.501,29.667,19.093,9.647,2.175,4536.55,46,21.6,NA,0,0,0,0,0,0,0,0,0,0,0,0,0,0,0,0,0,0,0,0,0,0,0,0,0,0,0,0,0,0,0,20267.584,15248.352,11674.176,9433.888,7978.432,7024.512,6347.552,5757.152,4922.592,4494.176,4351.968,4366.144,4148.32,3779.968,3275.84,2930.304,2750.72,2170.016,1898.688,1565.376,1356.032,1234.784,1045.536,897.824,913.152,821.088,811.84,750.432,706.816,570.944,574.912,592.416,628.288,653.184,679.872,784.224,831.648,879.776,779.168,857.12,795.904,784.064,704.992,549.312,509.248,356.16,244.192,172.448,108.864,66.72,40,19.424,22.816,10.368,12.224,7.904,4.896,5.12,0,0,0,0,0,0,0,0,0,0,0,0,0,0,0,0,0,0,0,0,0,0,0,0,0,0,0,0,0,0,0,0,0,0,0,0,0,7.008,8.14,8.889,9.176,9.718,10.383,11.262,12.205,13.065,12.971,13.548,14.879,16.749,17.687,17.777,16.935,16.541,16.904,14.484,13.705,12.262,11.452,11.23,10.305,9.5,10.174,9.904,10.446,10.705,11.009,10.193,11.585,12.583,13.68,14.771,15.547,17.098,17.396,17.273,15.372,15.347,13.581,12.827,11.152,8.625,7.677,5.396,3.651,2.562,1.61,0.946,0.591,0.26,0.301,0.134,0.155,0.098,0.06,0.06,0,0,0,0,0,0,0
2026-08-30 09:53:00,1,"Normal Scan","Normal Scan",0,"ON",1,1,1,737.4,5,20.3,97.2,50.5,0.0000000693261,0.0000181953,4.97,8954.6,8.8,736.5,1,"Up Scan","Positive",254,0,4.37,1.6,8,8,0,1,1,14.411,34.106,20.311,9.647,2.365,3240.78,47,21.5,NA,0,0,0,0,0,0,0,0,0,0,0,0,0,0,0,0,0,0,0,0,0,0,0,0,0,0,0,0,0,0,0,13290.176,10618.304,9061.632,7187.104,6268.064,5108.192,4741.504,4378.432,3840.224,3305.856,2507.52,2186.464,1974.688,1853.344,1701.792,1577.472,1411.84,1182.24,1119.456,1050.656,890.592,966.688,836.896,865.92,872.064,769.472,730.688,767.776,609.888,609.952,570.56,589.056,619.936,626.24,710.432,752.864,756.992,819.968,779.392,789.056,740.544,734.592,734.592,580.832,511.104,370.336,249.024,150.112,114.752,71.392,52.224,30.336,30.112,11.808,7.584,6.304,6.592,3.36,0,0,0,0,0,0,0,0,0,0,0,0,0,0,0,0,0,0,0,0,0,0,0,0,0,0,0,0,0,0,0,0,0,0,0,0,0,4.37,5.353,6.171,7.161,7.438,8.087,8.16,9.102,9.946,10.061,9.934,8.56,8.389,8.428,8.752,8.845,8.958,8.784,7.998,8.256,8.406,7.729,8.927,8.419,9.083,9.79,9.385,9.543,10.842,9.743,10.771,11.141,12.334,13.481,14.186,15.581,16.454,16.618,16.541,15.42,14.397,12.884,12.112,11.536,9.211,7.81,5.713,3.7,2.208,1.673,1.068,0.712,0.408,0.414,0.153,0.097,0.078,0.079,0.04,0,0,0.014,0,0,0,0
2026-08-30 09:58:00,1,"Normal Scan","Normal Scan",0,"ON",1,1,1,737.3,5,20.1,97.2,50.8,0.000000069266,0.0000181857,4.97,8954.6,8.8,736.5,1,"Up Scan","Positive",254,0,4.37,1.6,8,8,0,1,1,14.085,34.072,20.192,9.647,2.374,3226.28,47,21.4,NA,0,0,0,0,0,0,0,0,0,0,0,0,0,0,0,0,0,0,0,0,0,0,0,0,0,0,0,0,0,0,0,13500.64,11460.576,8916.128,7787.264,5767.648,5625.088,4323.168,3879.808,3270.688,2749.856,2458.464,2203.2,2063.264,1942.848,1706.56,1596.352,1310.496,1193.952,1120.896,1062.912,884.608,925.248,901.024,849.28,864.896,802.304,805.184,758.72,633.888,609.376,589.6,575.328,514.912,658.272,660.288,673.152,706.4,804.576,750.976,856.544,826.912,770.88,715.456,566.592,487.52,384.352,220.608,168,116.192,70.592,52.448,34.4,25.408,7.744,7.616,8.8,4,3.36,3.456,2.336,0,0,0,0,0,0,0,0,0,0,0,0,0,0,0,0,0,0,0,0,0,0,0,0,0,0,0,0,0,0,0,0,0,0,0,4.441,5.427,6.673,7.053,8.007,7.493,8.973,8.301,8.77,8.616,8.287,8.396,8.439,8.819,9.166,8.875,9.048,8.158,8.095,8.247,8.504,7.696,8.659,8.961,8.971,9.756,9.608,10.355,10.42,10.182,10.507,11.232,11.916,12.212,14.816,15.317,15.567,15.705,16.206,15.06,15.287,14.004,12.76,11.398,8.912,7.515,5.848,3.274,2.476,1.716,1.025,0.749,0.464,0.353,0.1,0.097,0.109,0.049,0.04,0.041,0.022,0,0,0,0,0
2026-08-30 10:03:00,1,"Normal Scan","Normal Scan",0,"ON",1,1,1,737.2,5,20,97.2,51.3,0.0000000692359,0.0000181809,4.97,8954.6,8.8,736.5,1,"Up Scan","Positive",254,0,4.37,1.6,8,8,0,1,1,13.592,31.966,19.367,9.647,2.312,3521.38,48,21.2,NA,0,0,0,0,0,0,0,0,0,0,0,0,0,0,0,0,0,0,0,0,0,0,0,0,0,0,0,0,0,0,0,17462.496,12808.448,10081.376,8275.392,6422.656,5189.408,4254.752,3677.536,3397.152,2966.72,2750.656,2534.08,2317.024,2122.784,1775.616,1699.936,1563.072,1394.464,1326.08,1139.616,1062.4,956.704,985.472,984.48,938.848,916.8,822.848,854.592,702.976,610.816,456.992,487.744,529.664,561.984,635.072,743.104,693.184,707.232,774.88,849.12,802.24,698.4,652.224,603.456,450.336,326.592,248.032,160.768,110.08,71.616,52.672,28.704,9.984,8.896,4.576,6.336,8.192,3.36,3.456,0,0,0,0,0,0,0,0,0,0,0,0,0,0,0,0,0,0,0,0,0,0,0,0,0,0,0,0,0,0,0,0,0,0,0,0,5.48,6.995,7.482,7.997,8.546,8.315,8.296,8.195,8.36,8.938,8.936,9.372,9.713,9.912,10.039,9.231,9.672,9.704,9.453,9.734,9.122,9.189,8.948,9.801,10.366,10.323,10.631,10.46,11.414,10.624,10.653,9.627,10.609,12.06,13.519,14.848,15.915,15.151,15.013,14.959,15.266,13.555,11.544,10.416,9.423,6.896,4.888,3.676,2.344,1.616,1.079,0.753,0.385,0.132,0.115,0.058,0.079,0.099,0.04,0.041,0,0,0,0,0,0
2026-08-30 10:08:00,1,"Normal Scan","Normal Scan",0,"ON",1,1,1,737,5,19.8,97.2,51.6,0.0000000691757,0.0000181713,4.97,8954.6,8.8,736.5,1,"Up Scan","Positive",254,0,4.37,1.6,8,8,0,1,1,18.151,35.817,22.677,9.647,2.295,3112.58,47,21.1,NA,0,0,0,0,0,0,0,0,0,0,0,0,0,0,0,0,0,0,0,0,0,0,0,0,0,0,0,0,0,0,0,10545.792,8363.072,6320.256,4870.304,4122.432,3895.36,3530.816,3713.76,3518.176,3430.4,3078.176,2887.008,2903.648,2697.76,2789.472,3133.696,3243.008,2943.712,2637.76,1951.776,1400.416,1188.512,1009.472,932.896,838.432,827.36,789.216,712.16,604.32,526.464,446.944,461.728,442.688,515.488,576.384,625.088,684,704.288,761.6,722.144,740.704,774.24,693.76,592.128,449.536,361.824,222.72,156.256,100.064,58.784,43.648,20.256,14.4,5.92,9.12,4.704,3.296,1.696,3.488,0,0,0,0,0,0,0,0,0,0,0,0,0,0,0,0,0,0,0,0,0,0,0,0,0,0,0,0,0,0,0,0,0,0,0,0,3.562,4.22,4.85,4.937,5.037,5.372,6.233,6.792,8.463,9.278,10.358,10.596,11.171,12.527,12.885,14.557,17.727,19.864,19.513,18.851,15.13,11.795,10.836,9.848,9.74,9.236,9.639,9.924,9.634,9.326,9.315,9.128,10.218,10.941,12.339,13.63,14.824,15.147,14.986,14.672,13.322,12.588,12.662,10.825,9.235,6.784,5.41,3.316,2.316,1.434,0.845,0.64,0.278,0.207,0.076,0.116,0.059,0.04,0.02,0.041,0,0.015,0,0,0,0
2026-08-30 10:13:00,1,"Normal Scan","Normal Scan",0,"ON",1,1,1,737,5,19.8,97.2,51.8,0.0000000691757,0.0000181713,4.97,8954.6,8.8,736.5,1,"Up Scan","Positive",254,0,4.37,1.6,8,8,0,1,1,15.96,31.071,20.152,9.647,2.191,3696.14,47,21.1,NA,0,0,0,0,0,0,0,0,0,0,0,0,0,0,0,0,0,0,0,0,0,0,0,0,0,0,0,0,0,0,0,16730.4,10676.832,8518.912,6381.024,5149.568,4969.568,4757.92,4078.656,4384.224,4324.672,3975.168,3894.272,3572.16,3436.768,3372.64,3091.424,2543.232,2416.032,1978.656,1575.008,1236.928,1086.304,1042.592,979.712,918.08,914.016,857.76,730.688,668.672,537.376,457.28,401.568,444.864,534.368,570.176,605.728,611.616,673.472,641.664,681.408,719.392,655.008,599.392,544.864,398.432,326.336,195.744,142.336,95.392,78.816,24.288,33.408,11.936,14.816,4.576,1.568,1.632,0,3.456,3.616,0,0,0,0,0,0,0,0,0,0,0,0,0,0,0,0,0,0,0,0,0,0,0,0,0,0,0,0,0,0,0,0,0,0,0,6.373,6.697,6.225,6.727,6.586,6.699,7.97,9.164,9.27,11.593,13.061,13.595,14.963,15.292,16.213,17.438,17.438,15.617,16.085,14.303,12.357,10.578,10.019,10.181,10.219,10.097,10.536,10.458,10.013,9.94,9.204,9.147,9.12,10.336,12.149,13.223,13.698,13.51,13.967,12.761,12.504,12.111,10.716,9.666,8.337,6.166,4.87,2.983,2.098,1.381,1.099,0.363,0.482,0.188,0.191,0.058,0.02,0.02,0,0.041,0.041,0.031,0,0,0,0
2026-08-30 10:18:00,1,"Normal Scan","Normal Scan",0,"ON",1,1,1,737,5,19.7,97.2,51.9,0.0000000691456,0.0000181665,4.97,8954.6,8.8,736.5,1,"Up Scan","Positive",254,0,4.37,1.6,8,8,0,1,1,16.767,34.327,21.513,9.647,2.288,3213.51,48,21,NA,0,0,0,0,0,0,0,0,0,0,0,0,0,0,0,0,0,0,0,0,0,0,0,0,0,0,0,0,0,0,0,11349.536,9706.592,7043.136,5524.384,5026.656,4086.944,4147.392,3904.832,3726.048,3688.832,3748.096,3641.376,3380.992,3041.568,2741.888,2193.344,2046.944,1851.904,1511.936,1345.76,1101.632,1077.696,954.944,947.328,1012.16,845.664,911.584,756.032,715.936,563.648,506.144,524.512,509.088,566.304,591.488,592.416,681.728,662.08,708.288,776.32,736.096,720.8,630.88,563.872,487.264,326.24,217.984,147.232,89.92,91.36,37.184,19.744,18.528,5.92,9.248,3.168,1.632,5.056,5.216,1.792,0,0,0,0,0,0,0,0,0,0,0,0,0,0,0,0,0,0,0,0,0,0,0,0,0,0,0,0,0,0,0,0,0,0,0,4.775,4.543,5.618,5.574,5.692,6.558,6.581,8.009,8.872,9.854,11.148,12.807,13.929,14.421,14.338,14.171,12.434,12.65,12.399,11.044,10.69,9.478,10.007,9.457,9.977,11.142,9.913,11.356,10.352,10.67,9.657,9.84,11.052,11.201,13.198,13.974,13.985,14.747,14.191,14.115,13.818,12.624,11.694,10.164,8.804,7.343,4.939,3.223,2.21,1.292,1.307,0.57,0.282,0.245,0.076,0.116,0.039,0.02,0.06,0.061,0.021,0,0,0,0,0
2026-08-30 10:23:00,1,"Normal Scan","Normal Scan",0,"ON",1,1,1,737,5,19.7,97.2,52.2,0.0000000691456,0.0000181665,4.97,8954.6,8.8,736.5,1,"Up Scan","Positive",254,0,4.37,1.6,8,8,0,1,1,17.628,32.124,21.307,9.647,2.171,3970.43,49,20.9,NA,0,0,0,0,0,0,0,0,0,0,0,0,0,0,0,0,0,0,0,0,0,0,0,0,0,0,0,0,0,0,0,13460.864,10789.792,9147.488,6819.104,5810.08,4589.248,4525.024,4393.472,4614.144,4281.216,4323.616,4722.048,4392.096,4328.256,4204.32,4032.512,3325.312,3037.888,2668.32,2257.152,1858.624,1505.888,1272.48,1139.84,1148.416,1119.008,954.24,910.752,774.816,639.392,514.432,399.456,572.416,551.872,545.568,608,611.168,664.704,709.504,697.632,749.632,665.12,721.248,558.784,436.992,345.376,240.192,128.512,92.416,79.296,41.504,26.432,18.656,11.872,9.12,3.168,1.664,1.696,1.76,0,0,0,0,0,0,0,0,0,0,0,0,0,0,0,0,0,0,0,0,0,0,0,0,0,0,0,0,0,0,0,0,0,0,0,0,4.639,5.44,6.295,7.253,7.025,7.544,7.348,8.749,10.001,12.193,12.998,14.854,18.153,18.825,20.468,21.803,22.797,20.457,20.233,19.173,17.591,15.692,13.704,12.489,11.833,12.514,12.757,11.71,12.132,11.224,10.618,9.662,9.332,12.171,12.595,13.283,13.853,14.366,14.019,13.999,12.855,12.749,10.889,11.476,8.689,6.645,5.21,3.617,1.892,1.329,1.118,0.585,0.371,0.264,0.153,0.116,0.039,0.02,0.02,0.02,0,0.016,0,0,0,0
2026-08-30 10:28:00,1,"Normal Scan","Normal Scan",0,"ON",1,1,1,736.8,5,19.6,97.1,52.6,0.0000000691867,0.0000181617,4.97,8954.6,8.8,736.5,1,"Up Scan","Positive",254,0,4.37,1.6,8,8,0,1,1,17.743,36.585,23.111,9.647,2.314,2657.47,49,20.9,NA,0,0,0,0,0,0,0,0,0,0,0,0,0,0,0,0,0,0,0,0,0,0,0,0,0,0,0,0,0,0,0,6859.168,6721.312,5765.152,5079.04,4658.624,3931.328,3588.576,3142.144,2894.688,2720.16,2621.76,2329.088,2361.632,2315.072,2064.832,2039.68,1851.296,1803.968,1579.392,1546.784,1389.664,1280.896,1271.2,1200.48,1099.2,1150.016,1024.832,864.256,726.72,577.152,511.296,415.744,456.672,386.208,474.624,494.816,418.656,572.32,528.832,549.568,624.512,642.304,587.776,520.416,474.56,316.288,218.016,143.008,80.672,70.432,34.944,13.824,14.432,11.808,7.648,4.768,4.896,1.696,0,0,0,0,0,0,0,0,0,0,0,0,0,0,0,0,0,0,0,0,0,0,0,0,0,0,0,0,0,0,0,0,0,0,0,0,0,2.264,2.763,3.957,4.578,5.245,6.043,6.28,6.924,7.165,7.659,8.199,8.973,8.954,10.148,10.961,10.772,11.652,11.535,12.22,11.65,12.251,11.996,11.814,12.401,12.404,11.884,13.105,12.279,11.139,10.315,9.228,8.934,8.679,9.868,9.646,11.207,12.164,10.739,12.506,11.314,10.642,10.805,10.523,9.315,8.11,7.113,4.76,3.24,2.112,1.204,1.007,0.493,0.186,0.207,0.153,0.097,0.059,0.06,0.02,0,0,0.016,0,0,0,0
2026-08-30 10:33:00,1,"Normal Scan","Normal Scan",0,"ON",1,1,1,736.9,5,19.6,97.2,52.8,0.0000000691156,0.0000181617,4.97,8954.6,8.8,736.5,1,"Up Scan","Positive",254,0,4.37,1.6,8,8,0,1,1,16.439,30.186,20.081,9.647,2.122,3508.4,48,20.8,NA,0,0,0,0,0,0,0,0,0,0,0,0,0,0,0,0,0,0,0,0,0,0,0,0,0,0,0,0,0,0,0,12890.144,10105.184,7465.888,6740.928,5445.056,4645.792,4767.424,4546.784,4440.32,4633.536,4283.232,3990.368,4101.024,3706.464,3310.816,3045.952,2536.128,2106.336,1710.656,1441.088,1262.56,1060.224,1034.336,932.064,878.432,836.928,767.776,631.392,549.952,516.384,394.208,357.44,386.944,399.552,428.288,440.8,456.896,445.44,486.08,568.608,570.944,574.944,560.416,518.88,409.376,264.352,197.184,130.08,91.2,70.464,43.264,29.216,18.688,11.808,7.648,7.872,9.792,3.392,1.76,0,0,0,0,0,0,0,0,0,0,0,0,0,0,0,0,0,0,0,0,0,0,0,0,0,0,0,0,0,0,0,0,0,0,0,0,5.012,5.155,5.886,5.938,6.948,7.098,7.488,9.236,10.342,11.752,13.992,14.688,15.301,17.499,17.444,17.11,17.183,15.569,14.079,12.402,11.312,10.728,9.719,10.015,9.636,9.591,9.574,9.322,8.524,8.097,8.228,7.507,7.491,8.629,9.593,10.43,10.719,11.044,10.551,10.306,10.558,10.085,9.476,9.084,8.076,6.358,4.069,2.949,1.956,1.388,1.036,0.603,0.408,0.264,0.153,0.097,0.098,0.119,0.04,0.02,0,0.016,0,0,0,0
2026-08-30 10:38:00,1,"Normal Scan","Normal Scan",0,"ON",1,1,1,736.8,5,19.6,97.1,52.8,0.0000000691867,0.0000181617,4.97,8954.6,8.8,736.5,1,"Up Scan","Positive",254,0,4.37,1.6,8,8,0,1,1,16.833,33.565,21.38,9.647,2.239,2569.51,48,20.8,NA,0,0,0,0,0,0,0,0,0,0,0,0,0,0,0,0,0,0,0,0,0,0,0,0,0,0,0,0,0,0,0,9066.304,6656.192,5126.656,4625.184,4248.64,3651.264,3575.168,3493.056,3017.824,3010.464,3067.904,2597.504,2428.48,2397.568,2391.456,1986.88,1722.976,1721.856,1416.704,1411.584,1188,1123.264,973.824,809.088,713.952,646.56,547.872,516.352,387.392,380.544,321.44,298.464,330.24,400.608,349.184,419.936,416,480.512,427.584,473.28,566.272,568.768,539.68,462.08,385.76,331.808,206.144,118.528,79.808,50.528,39.808,25.76,5.408,10.304,7.616,1.568,3.264,1.696,1.76,0,0,0,0,0,0,0,0,0,0,0,0,0,0,0,0,0,0,0,0,0,0,0,0,0,0,0,0,0,0,0,0,0,0,0,0,2.85,3.634,3.86,4.085,4.797,5.526,5.853,6.883,7.916,7.961,9.118,10.471,9.956,10.406,11.33,12.442,11.284,10.697,11.571,10.293,11.011,9.956,10.047,9.301,8.238,7.777,7.474,6.804,7.057,6.078,6.437,6.314,6.77,7.653,9.024,9.212,10.558,10.35,10.627,9.559,9.292,9.813,9.35,8.512,7.222,5.917,4.906,3.085,1.747,1.15,0.719,0.566,0.353,0.075,0.134,0.097,0.02,0.04,0.02,0.02,0,0.016,0,0,0,0
2026-08-30 10:43:00,1,"Normal Scan","Normal Scan",0,"ON",1,1,1,736.8,5,19.6,97.1,52.8,0.0000000691867,0.0000181617,4.97,8954.6,8.8,736.5,1,"Up Scan","Positive",254,0,4.37,1.6,8,8,0,1,1,16.454,25.943,18.779,9.647,1.948,5527.9,47,20.7,NA,0,0,0,0,0,0,0,0,0,0,0,0,0,0,0,0,0,0,0,0,0,0,0,0,0,0,0,0,0,0,0,24566.112,16654.368,10940.608,8311.712,7035.648,7013.696,6867.072,7763.488,8384.864,8243.136,7894.496,6972.768,6581.824,6103.84,5372.832,4572.96,4312.992,3890.784,3110.112,2762.944,2309.344,1898.336,1659.488,1290.976,1066.752,895.136,865.568,688.512,493.28,463.84,439.84,332.224,337.344,453.888,481.984,426.304,459.68,474.56,489.248,516.576,544.736,590.944,576.352,506.112,383.488,321.12,203.872,114.656,89.056,55.456,41.44,26.304,21.44,4.448,6.112,3.2,3.232,0,0,1.792,0,0,0,0,0,0,0,0,0,0,0,0,0,0,0,0,0,0,0,0,0,0,0,0,0,0,0,0,0,0,0,0,0,0,0,9.093,9.871,9.65,8.691,8.608,9.129,11.265,13.257,17.676,22.144,24.854,26.974,26.747,28.12,28.777,27.828,25.902,26.491,25.886,22.325,21.302,19.126,16.886,15.588,12.933,11.445,10.256,10.337,9.137,7.448,7.81,8.011,7.259,8.02,10.042,10.982,10.728,11.214,10.791,10.341,10.108,9.409,9.767,9.083,7.883,5.893,4.853,2.988,1.688,1.31,0.773,0.566,0.371,0.283,0.057,0.077,0.039,0.04,0,0,0.021,0,0,0,0,0
2026-08-30 10:48:00,1,"Normal Scan","Normal Scan",0,"ON",1,1,1,736.8,5,19.6,97.1,52.7,0.0000000691867,0.0000181617,4.97,8954.6,8.8,736.5,1,"Up Scan","Positive",254,0,4.37,1.6,8,8,0,1,1,16.019,30.272,19.998,9.647,2.136,3531.78,48,20.7,NA,0,0,0,0,0,0,0,0,0,0,0,0,0,0,0,0,0,0,0,0,0,0,0,0,0,0,0,0,0,0,0,13269.824,10758.08,7725.664,6069.984,5883.328,5182.752,5095.392,4757.824,4281.44,4040.736,3803.968,3962.912,3658.176,3426.944,3144.96,2867.584,2516.992,2350.848,2051.744,1759.488,1504,1263.168,941.184,831.328,739.936,693.664,610.752,559.2,489.536,403.392,425.248,385.216,426.848,490.976,471.904,570.464,533.952,478.752,500.832,537.632,517.664,578.048,573.408,525.12,412.448,316.352,208.448,129.728,94.752,69.376,38.816,36.32,15.616,10.272,6.08,11.04,1.6,1.664,1.76,1.792,0,0,0,0,0,0,0,0,0,0,0,0,0,0,0,0,0,0,0,0,0,0,0,0,0,0,0,0,0,0,0,0,0,0,0,3.831,5.327,6.154,6.071,6.25,7.657,8.364,9.814,10.791,11.286,12.204,13.043,15.21,15.632,16.179,16.312,16.266,15.5,15.629,14.741,13.62,12.524,11.252,9.132,8.554,8.104,8.17,7.863,7.789,7.498,7.344,8.197,8.105,9.221,10.711,10.794,12.634,12.255,11.088,10.799,10.215,9.376,9.562,9.236,8.062,6.464,4.762,3.099,1.95,1.407,0.981,0.538,0.511,0.207,0.134,0.077,0.137,0.02,0.02,0.02,0.021,0,0,0,0,0
2026-08-30 10:53:00,1,"Normal Scan","Normal Scan",0,"ON",1,1,1,736.8,5,19.5,97.2,52.7,0.0000000690855,0.0000181569,4.97,8954.6,8.8,736.5,1,"Up Scan","Positive",254,0,4.37,1.6,8,8,0,1,1,16.486,30.516,20.347,9.647,2.144,3519.11,48,20.7,NA,0,0,0,0,0,0,0,0,0,0,0,0,0,0,0,0,0,0,0,0,0,0,0,0,0,0,0,0,0,0,0,12449.344,12121.024,8152.352,6677.152,4649.504,4595.264,4015.488,3892.448,3933.312,3879.584,4084.192,4002.464,3647.808,3512.608,3107.328,2863.04,2545.216,2202.08,2247.328,1909.6,1771.136,1459.072,1274.56,1017.568,940.544,864.032,810.784,642.08,594.912,520.864,470.624,454.56,461.024,529.792,500.288,501.056,494.688,582.08,467.264,472.576,511.072,554.24,510.944,484.544,380.16,304.832,165.664,143.296,82.464,48.928,35.04,20.736,24.288,13.28,12.224,0.48,2.72,0,0,0,0,0,0,0,0,0,0,0,0,0,0,0,0,0,0,0,0,0,0,0,0,0,0,0,0,0,0,0,0,0,0,0,0,0,0,4.047,5.066,7.032,6.456,6.884,6.052,7.379,7.759,8.875,10.419,11.755,13.982,15.377,15.569,16.582,16.155,16.304,15.761,14.792,16.179,14.882,14.79,13.111,12.215,10.437,10.363,10.034,9.974,8.989,8.843,8.672,8.562,9.039,9.679,10.823,11.018,11.511,11.166,12.368,9.838,9.198,9.036,9.186,8.121,7.553,5.768,4.665,2.512,2.132,1.204,0.679,0.48,0.278,0.339,0.172,0.155,0.006,0.034,0,0,0,0.016,0,0,0,0
2026-08-30 10:58:00,1,"Normal Scan","Normal Scan",0,"ON",1,1,1,736.7,5,19.5,97.1,52.7,0.0000000691566,0.0000181569,4.97,8954.6,8.8,736.5,1,"Up Scan","Positive",254,0,4.37,1.6,8,8,0,1,1,15.495,27.973,19.216,9.647,2.072,4378.73,48,20.6,NA,0,0,0,0,0,0,0,0,0,0,0,0,0,0,0,0,0,0,0,0,0,0,0,0,0,0,0,0,0,0,0,19929.792,15337.344,11351.104,7424.288,6194.56,5220.288,4276,4358.496,4487.552,4402.048,4466.176,4674.048,4350.784,4362.112,3957.024,3671.136,3529.088,3457.12,3000.416,2610.752,2159.488,1786.08,1379.2,1140.544,936.192,833.472,797.088,672.768,601.056,480.96,448.544,442.528,481.664,495.968,568.352,536.736,518.432,516.864,452.32,491.648,481.152,562.848,549.952,479.872,389.248,277.312,224.512,143.296,62.88,47.488,37.696,19.328,17.12,7.328,4.544,1.568,3.264,10.048,0,0,0,0,0,0,0,0,0,0,0,0,0,0,0,0,0,0,0,0,0,0,0,0,0,0,0,0,0,0,0,0,0,0,0,0,0,5.604,8.005,8.875,8.968,7.659,8.015,8.355,8.229,9.928,11.865,13.333,15.329,17.963,18.672,20.667,20.599,20.868,21.755,22.979,21.48,20.083,17.84,15.868,13.156,11.643,10.218,9.687,9.837,9.297,9.027,8.22,8.453,8.734,9.716,10.674,11.749,11.956,11.892,11.352,9.569,9.482,8.863,9.21,8.651,7.385,5.914,4.264,3.304,2.064,0.911,0.77,0.515,0.26,0.226,0.096,0.058,0.02,0.04,0.121,0,0,0,0,0,0,0
2026-08-30 11:03:00,1,"Normal Scan","Normal Scan",0,"ON",1,1,1,737.1,5,20,97.1,52.3,0.0000000693072,0.0000181809,4.97,8954.6,8.8,736.5,1,"Up Scan","Positive",254,0,4.37,1.6,8,8,0,1,1,17.429,28.778,20.227,9.647,2.069,5498.78,48,20.7,NA,0,0,0,0,0,0,0,0,0,0,0,0,0,0,0,0,0,0,0,0,0,0,0,0,0,0,0,0,0,0,0,23696.288,16347.296,11863.68,9231.168,6555.136,5368.096,5580.16,5338.72,5680.736,6221.984,6654.112,6958.976,6899.136,6554.016,6207.424,5221.632,4439.424,3857.184,3239.744,2931.488,2421.152,2108.288,1875.936,1515.232,1423.104,1358.752,1285.472,1124.896,1178.368,1147.488,1150.976,1082.048,1064.288,1039.616,987.52,828.928,730.656,644.512,567.104,507.744,466.848,438.528,477.856,434.688,361.728,307.424,222.752,141.472,87.168,51.968,27.968,18.048,6.944,13.216,4.544,4.768,3.232,3.328,0,0,0,0,0,0,0,0,0,0,0,0,0,0,0,0,0,0,0,0,0,0,0,0,0,0,0,0,0,0,0,0,0,0,0,0,0,7.556,9.499,9.471,9.394,9.519,8.509,8.595,10.779,12.182,15.032,18.868,22.816,26.716,29.433,30.863,32.087,29.517,27.296,25.746,23.362,22.787,20.378,19.106,18.215,16.144,16.241,16.586,16.868,16.003,17.306,17.711,17.942,17.667,17.936,17.918,17.39,15.392,14.427,12.91,11.205,9.871,8.535,7.482,7.659,6.679,5.539,4.566,3.31,2.048,1.296,0.753,0.382,0.243,0.092,0.172,0.058,0.059,0.04,0.04,0,0,0,0,0,0,0
2026-08-30 11:08:00,1,"Normal Scan","Normal Scan",0,"ON",1,1,1,737.3,5,20.1,97.2,52.7,0.000000069266,0.0000181857,4.97,8954.6,8.8,736.5,1,"Up Scan","Positive",254,0,4.37,1.6,8,8,0,1,1,18.328,28.487,20.516,9.647,2.004,4881.48,48,20.8,NA,0,0,0,0,0,0,0,0,0,0,0,0,0,0,0,0,0,0,0,0,0,0,0,0,0,0,0,0,0,0,0,17180.768,12529.696,10665.984,8017.856,6349.696,5430.496,4961.472,5140.032,5395.456,6053.248,6345.28,6163.04,6064.896,6105.632,5645.248,4786.72,4583.552,4583.776,4329.472,3860.544,3047.808,2586.336,1936.32,1530.496,1187.232,913.952,759.616,667.584,535.136,522.72,420.096,499.552,493.728,494.912,601.056,566.272,570.048,576.416,507.552,513.664,457.504,471.168,492.768,448.064,335.776,286.304,213.568,132.512,105.28,48.064,34.048,22.944,12.736,12.16,4.608,3.168,0,1.696,1.76,0,0,0,0,0,0,0,0,0,0,0,0,0,0,0,0,0,0,0,0,0,0,0,0,0,0,0,0,0,0,0,0,0,0,0,0,5.418,6.958,7.269,8.41,8.27,8.223,8.737,9.574,11.728,14.274,18.342,21.739,23.712,26.021,28.923,29.393,27.24,28.336,30.515,30.952,29.525,24.973,22.567,18.143,15.25,12.662,10.617,9.544,9.194,8.406,8.877,8.2,9.668,9.999,10.565,12.12,11.863,12.169,11.913,10.281,9.889,8.403,7.996,7.849,6.946,5.158,4.3,3.19,1.925,1.52,0.683,0.475,0.315,0.184,0.158,0.058,0.039,0,0.02,0.02,0,0.014,0,0,0,0
2026-08-30 11:13:00,1,"Normal Scan","Normal Scan",0,"ON",1,1,1,736.9,5,19.7,97.1,52.5,0.0000000692169,0.0000181665,4.97,8954.6,8.8,736.5,1,"Up Scan","Positive",254,0,4.37,1.6,8,8,0,1,1,14.167,26.589,18.543,9.647,2.044,5001.89,48,20.8,NA,0,0,0,0,0,0,0,0,0,0,0,0,0,0,0,0,0,0,0,0,0,0,0,0,0,0,0,0,0,0,0,22421.632,18710.432,14598.656,10533.024,8184.896,6754.336,5322.208,4717.472,4542.496,4400.032,4329.312,4436.384,4589.792,4786.432,4325.376,3717.952,3346.368,3156.576,2704.832,2522.752,2162.944,1921.184,1599.648,1407.68,1203.872,1098.048,1091.424,995.488,760.736,761.888,732.448,630.048,750.176,686.592,672.032,681.44,600.832,548.128,463.84,415.328,423.584,409.632,414.56,362.272,344.032,275.68,181.312,130.688,94.944,39.968,27.712,19.456,12.8,13.216,10.72,3.2,3.264,5.056,1.728,1.792,0,0,0,0,0,0,0,0,0,0,0,0,0,0,0,0,0,0,0,0,0,0,0,0,0,0,0,0,0,0,0,0,0,0,0,7.183,9.111,10.96,11.502,10.857,10.638,10.824,10.261,10.743,12.024,13.36,14.834,17.077,19.644,22.581,22.451,21.161,20.694,21.115,19.568,19.603,18.099,17.33,15.523,14.462,13.289,13.045,13.648,13.51,11.44,12.137,12.036,11.448,13.096,12.452,12.691,13.065,12,11.062,9.757,8.13,7.595,7.058,6.72,5.66,5.254,4.165,2.762,1.947,1.38,0.602,0.412,0.278,0.169,0.171,0.137,0.039,0.04,0.06,0.02,0.021,0,0,0,0,0
2026-08-30 11:18:00,1,"Normal Scan","Normal Scan",0,"ON",1,1,1,736.7,5,19.5,97.1,52.4,0.0000000691566,0.0000181569,4.97,8954.6,8.8,736.5,1,"Up Scan","Positive",254,0,4.37,1.6,8,8,0,1,1,14.931,27.147,18.875,9.647,2.045,3930.41,48,20.7,NA,0,0,0,0,0,0,0,0,0,0,0,0,0,0,0,0,0,0,0,0,0,0,0,0,0,0,0,0,0,0,0,17040.608,13730.688,11804.576,7511.328,5815.456,4658.08,4208.864,4055.968,3813.504,3311.104,3270.144,3677.792,3842.592,4009.056,4166.24,3742.848,3493.056,2999.904,2534.496,2188.896,1824.032,1433.92,1148.672,897.248,764.16,584.384,458.752,469.248,423.776,402.08,476.832,572.384,621.472,550.432,529.056,507.872,464,416.768,397.088,397.312,368.8,404.672,385.536,367.68,339.328,216.928,166.816,99.392,84.288,47.2,23.296,15.136,11.488,14.784,1.536,4.736,3.264,3.392,0,0,0,0,0,0,0,0,0,0,0,0,0,0,0,0,0,0,0,0,0,0,0,0,0,0,0,0,0,0,0,0,0,0,0,0,0,5.469,6.884,8.016,9.376,7.718,7.563,7.477,8.113,9.201,10.079,10.068,11.263,14.186,16.485,18.964,21.592,21.185,21.422,19.893,18.12,16.815,14.964,12.579,10.871,9.157,8.425,7.248,6.503,7.166,6.981,7.083,8.336,9.911,10.968,10.524,10.39,10.468,9.812,9.037,8.507,7.63,6.643,6.77,6.293,5.695,5.124,3.286,2.538,1.45,1.247,0.68,0.332,0.204,0.17,0.191,0.019,0.059,0.04,0.04,0,0,0.016,0,0,0,0
2026-08-30 11:23:00,1,"Normal Scan","Normal Scan",0,"ON",1,1,1,737.2,5,20.1,97.1,51.8,0.0000000693373,0.0000181857,4.97,8954.6,8.8,736.5,1,"Up Scan","Positive",254,0,4.37,1.6,8,8,0,1,1,16.052,26.852,19.259,9.647,2.002,5219.8,47,20.9,NA,0,0,0,0,0,0,0,0,0,0,0,0,0,0,0,0,0,0,0,0,0,0,0,0,0,0,0,0,0,0,0,20860.16,16187.136,12660.352,8971.904,7706.144,7047.744,6452.032,6499.872,6433.184,6358.304,5857.984,5681.248,5662.24,5105.056,4993.376,4453.312,3963.36,3557.888,3161.216,2686.528,2453.408,2045.184,1630.944,1490.976,1334.336,1110.304,1056.96,903.072,789.92,742.112,797.12,800.096,785.632,756.608,713.504,601.248,620.16,542.784,461.056,436.608,425.152,442.24,386.848,379.584,315.296,227.776,181.6,98.56,82.304,46.592,30.464,23.712,8.608,2.944,9.216,1.568,0,0,0,0,0,0,0,0,0,0,0,0,0,0,0,0,0,0,0,0,0,0,0,0,0,0,0,0,0,0,0,0,0,0,0,0,0,0,0,6.196,8.377,9.432,10.007,9.187,10.029,11.284,12.443,14.782,16.992,19.224,20.044,21.834,24.205,24.138,25.871,25.242,24.428,23.745,22.786,20.898,20.406,18.355,15.68,15.254,14.717,13.306,13.58,12.56,12.037,11.59,12.996,13.602,13.486,13.47,13.221,12.017,12.083,10.922,9.265,8.286,7.543,7.386,6.238,5.901,4.84,3.387,2.645,1.479,1.168,0.647,0.417,0.318,0.113,0.038,0.116,0.02,0,0,0,0,0,0,0,0,0
2026-08-30 11:28:00,1,"Normal Scan","Normal Scan",0,"ON",1,1,1,737.6,5,20.7,97.1,51.7,0.000000069518,0.0000182145,4.97,8954.6,8.8,736.5,1,"Up Scan","Positive",254,0,4.37,1.6,8,8,0,1,1,14.116,26.416,18.485,9.647,2.041,5139.57,47,21.2,NA,0,0,0,0,0,0,0,0,0,0,0,0,0,0,0,0,0,0,0,0,0,0,0,0,0,0,0,0,0,0,0,23256.32,18412.864,14527.456,11877.024,9069.824,6565.696,5376.576,5381.504,5032.736,5033.76,4846.88,4558.208,4147.104,3796.32,3921.888,3518.624,3464.608,3263.776,3107.328,2623.616,2433.728,1864.8,1696.384,1412.896,1222.208,1149.824,973.376,923.136,797.024,767.744,752.32,755.104,816.864,756.128,792.704,662.048,605.312,616.928,527.776,519.648,427.328,414.752,428.8,363.168,284.768,249.184,160.032,113.152,76.896,35.776,29.568,23.456,8.608,10.336,9.152,0,1.6,0,1.728,0,0,0,0,0,0,0,0,0,0,0,0,0,0,0,0,0,0,0,0,0,0,0,0,0,0,0,0,0,0,0,0,0,0,0,0,8.287,9.263,10.661,11.424,12.23,11.717,10.504,10.354,12.223,13.258,15.201,16.57,17.509,17.796,18.018,20.404,20.067,21.408,21.834,22.352,20.374,20.257,16.707,16.337,14.492,13.612,13.65,12.642,12.958,12.077,12.283,12.666,13.118,14.229,13.874,14.385,12.703,12.073,11.788,10.189,9.385,7.707,6.939,6.781,5.643,4.388,3.703,2.415,1.672,1.097,0.497,0.42,0.315,0.113,0.134,0.116,0,0.02,0,0.02,0,0,0,0,0,0
2026-08-30 11:33:00,1,"Normal Scan","Normal Scan",0,"ON",1,1,1,737.5,5,20.5,97.1,51.4,0.0000000694577,0.0000182049,4.97,8954.6,8.8,736.5,1,"Up Scan","Positive",254,0,4.37,1.6,8,8,0,1,1,14.643,27.633,19.028,9.647,2.069,4194.86,46,21.2,NA,0,0,0,0,0,0,0,0,0,0,0,0,0,0,0,0,0,0,0,0,0,0,0,0,0,0,0,0,0,0,0,16553.6,14815.552,11167.968,9107.456,8178.208,5952.96,4730.816,4159.616,4050.72,4199.2,3819.68,3928.16,3625.792,3726.72,3315.936,3116.736,3185.696,2763.84,2576.288,2524.672,2084.192,1679.264,1439.52,1111.008,823.68,687.744,642.08,561.568,541.056,514.976,524.48,599.456,633.92,663.584,707.872,646.72,636.32,556.608,564.416,493.6,462.112,405.824,397.6,382.176,296.512,207.232,166.304,88.832,67.04,52.64,38.24,24.8,7.168,11.84,7.648,6.336,1.632,0,0,0,0,0,0,0,0,0,0,0,0,0,0,0,0,0,0,0,0,0,0,0,0,0,0,0,0,0,0,0,0,0,0,0,0,0,0,5.72,6.672,8.623,8.829,9.337,10.602,9.502,9.082,9.437,10.675,12.687,13.105,15.108,15.516,17.635,17.289,17.759,19.656,18.485,18.513,19.347,17.151,14.795,13.573,11.316,9.206,8.445,8.624,8.406,8.874,9.127,9.668,11.071,11.91,12.56,13.38,12.388,12.299,11.071,10.511,9.061,8.075,6.696,6.415,6.056,4.59,3.084,2.504,1.351,0.973,0.744,0.522,0.334,0.094,0.153,0.097,0.078,0.02,0,0,0,0,0,0,0,0
2026-08-30 11:38:00,1,"Normal Scan","Normal Scan",0,"ON",1,1,1,737.3,5,20.2,97.1,50.7,0.0000000693674,0.0000181905,4.97,8954.6,8.8,736.5,1,"Up Scan","Positive",254,0,4.37,1.6,8,8,0,1,1,15.25,28.441,19.536,9.647,2.09,4385.62,46,21.2,NA,0,0,0,0,0,0,0,0,0,0,0,0,0,0,0,0,0,0,0,0,0,0,0,0,0,0,0,0,0,0,0,17397.568,13915.392,11513.056,9287.264,7858.304,6038.496,4884.768,4217.536,4621.952,4377.28,4290.976,3991.392,4083.648,3891.744,3550.592,3458.24,3285.088,3110.048,2992.224,2590.976,2282.24,1930.976,1519.232,1180.128,937.056,832.096,743.52,615.36,649.12,613.728,647.36,716.128,723.264,761.728,792.864,817.376,748.608,672.384,611.648,548.48,499.68,396,379.712,307.424,301.376,236.992,159.776,128.416,62.144,63.68,37.376,23.648,15.68,7.296,6.08,4.768,6.496,1.664,0,1.792,0,0,0,0,0,0,0,0,0,0,0,0,0,0,0,0,0,0,0,0,0,0,0,0,0,0,0,0,0,0,0,0,0,0,0,5.665,7.083,8.069,9.079,9.569,10.222,9.659,9.409,9.586,12.191,13.245,14.709,15.345,17.496,18.469,18.52,19.715,20.33,20.764,21.442,19.939,18.812,17.064,14.344,12.114,10.525,10.231,10.061,9.368,10.423,10.905,11.771,13.108,13.338,14.066,14.684,14.768,13.799,12.462,11.326,9.928,8.794,6.689,6.184,4.965,4.673,3.623,2.367,1.877,0.955,0.917,0.511,0.334,0.207,0.095,0.077,0.059,0.079,0.02,0,0.021,0,0,0,0,0
2026-08-30 11:43:00,1,"Normal Scan","Normal Scan",0,"ON",1,1,1,737.1,5,20,97.1,50.4,0.0000000693072,0.0000181809,4.97,8954.6,8.8,736.5,1,"Up Scan","Positive",254,0,4.37,1.6,8,8,0,1,1,18.016,30.845,21.451,9.647,2.1,4428.07,46,21.1,NA,0,0,0,0,0,0,0,0,0,0,0,0,0,0,0,0,0,0,0,0,0,0,0,0,0,0,0,0,0,0,0,13293.312,11568.448,9255.712,7233.28,6963.872,5780.288,5380.896,5241.152,5293.632,5018.016,4950.624,4872.288,4917.952,4530.048,4431.872,4368.384,3793.312,3699.136,3414.4,3315.072,2646.624,2385.472,1753.6,1440.128,1066.592,950.56,757.6,779.936,823.52,710.656,824.224,844.8,954.08,938.784,935.232,945.376,848.736,728,674.016,572.8,482.656,457.984,430.688,353.28,287.712,240.352,188.864,135.232,73.472,47.136,31.36,27.392,17.184,2.944,3.072,6.304,3.296,3.328,1.76,1.792,0,0,0,0,0,0,0,0,0,0,0,0,0,0,0,0,0,0,0,0,0,0,0,0,0,0,0,0,0,0,0,0,0,0,0,3.932,5.365,6.738,7.337,7.473,9.055,9.267,10.386,11.901,13.972,15.189,16.963,18.759,21.08,21.486,23.134,24.855,23.535,24.687,24.508,25.407,21.828,20.921,16.666,14.821,12.062,11.747,10.746,11.771,12.965,12.706,14.531,14.972,16.855,16.737,16.635,16.934,15.618,13.461,12.267,10.329,8.678,7.651,6.858,5.587,4.498,3.69,2.762,1.973,1.072,0.715,0.438,0.39,0.226,0.038,0.039,0.078,0.04,0.04,0.02,0.021,0,0,0,0,0
2026-08-30 11:48:00,1,"Normal Scan","Normal Scan",0,"ON",1,1,1,737.1,5,20,97.1,50.4,0.0000000693072,0.0000181809,4.97,8954.6,8.8,736.5,1,"Up Scan","Positive",254,0,4.37,1.6,8,8,0,1,1,16.46,27.538,19.691,9.647,2.014,5528.72,46,21.1,NA,0,0,0,0,0,0,0,0,0,0,0,0,0,0,0,0,0,0,0,0,0,0,0,0,0,0,0,0,0,0,0,19323.424,15441.536,13079.424,11283.872,9448.224,7347.264,6582.592,6512.64,6623.168,6581.696,6321.792,6934.112,6269.696,5751.872,5158.016,4736.96,4311.168,4039.584,3518.816,3110.912,2686.176,2242.24,1710.624,1445.856,1160.416,940.448,796.96,802.048,804.608,845.504,944.864,974.816,1020.768,1002.816,962.752,901.408,806.272,737.408,621.856,572.16,466.368,403.52,366.72,310.56,275.808,219.712,187.552,120.064,59.296,50.88,29.696,21.984,15.648,10.4,7.584,4.736,4.896,1.664,5.248,0,0,0,0,0,0,0,0,0,0,0,0,0,0,0,0,0,0,0,0,0,0,0,0,0,0,0,0,0,0,0,0,0,0,0,0,5.864,7.817,8.94,10.332,11.666,12.308,11.77,12.688,14.81,17.492,19.886,21.653,26.588,26.801,27.181,26.778,26.931,26.597,26.867,25.252,23.959,22.114,19.781,16.315,14.922,13.222,11.949,11.306,12.203,13.023,14.107,15.82,16.598,17.431,17.482,16.835,15.927,14.604,13.271,11.277,10.367,8.195,6.872,5.936,4.922,4.295,3.353,2.824,1.793,0.889,0.737,0.434,0.315,0.207,0.134,0.097,0.059,0.06,0.02,0.061,0,0,0,0,0,0
2026-08-30 11:53:00,1,"Normal Scan","Normal Scan",0,"ON",1,1,1,737.1,5,20,97.1,50.5,0.0000000693072,0.0000181809,4.97,8954.6,8.8,736.5,1,"Up Scan","Positive",254,0,4.37,1.6,8,8,0,1,1,19.121,27.007,20.708,9.647,1.887,7381.95,46,21.1,NA,0,0,0,0,0,0,0,0,0,0,0,0,0,0,0,0,0,0,0,0,0,0,0,0,0,0,0,0,0,0,0,18491.072,15613.696,13725.376,12270.784,10798.592,9758.24,9332.416,9321.28,9193.28,9613.632,9729.824,10375.328,10840.896,10557.888,10542.496,9645.312,8563.744,7696.256,6212.48,5343.808,4189.984,3107.008,2301.376,1719.264,1315.712,1114.752,929.28,940.672,905.568,1006.08,967.712,1042.144,1060.32,1015.456,911.136,897.568,740.448,678.464,597.824,528.928,494.528,399.2,393.248,345.504,296.32,219.712,160.544,110.976,70.272,40.736,31.552,18.816,9.504,16.256,7.68,3.168,6.56,0,1.728,0,0,0,0,0,0,0,0,0,0,0,0,0,0,0,0,0,0,0,0,0,0,0,0,0,0,0,0,0,0,0,0,0,0,0,0,5.98,7.457,9.164,10.917,12.706,14.11,15.663,18.02,21.238,24.32,29.181,33.481,39.94,46.404,49.874,54.632,54.416,52.384,50.8,44.109,40.696,34.214,27.188,21.749,17.682,14.92,13.837,12.867,13.779,14.22,15.853,15.888,17.218,17.875,17.473,16.335,15.918,13.759,12.621,11.115,9.481,8.599,6.722,6.357,5.368,4.573,3.336,2.452,1.666,1.044,0.611,0.445,0.253,0.151,0.21,0.097,0.039,0.079,0,0.02,0,0.03,0,0,0,0
2026-08-30 11:58:00,1,"Normal Scan","Normal Scan",0,"ON",1,1,1,737,5,19.9,97.1,50.6,0.0000000692771,0.0000181761,4.97,8954.6,8.8,736.5,1,"Up Scan","Positive",254,0,4.37,1.6,8,8,0,1,1,16.087,24.7,18.662,9.647,1.883,6763.3,46,21.1,NA,0,0,0,0,0,0,0,0,0,0,0,0,0,0,0,0,0,0,0,0,0,0,0,0,0,0,0,0,0,0,0,21976.448,17862.336,15556.48,13413.088,11638.784,10865.824,10503.392,10850.464,10401.888,10495.648,10099.84,8806.464,7523.424,6421.536,5391.232,4744.608,4364.704,3817.216,3480.256,3255.616,2921.312,2458.72,2144.96,1757.088,1395.36,1144.608,1090.144,962.496,923.904,884.704,882.112,920.128,814.976,876.32,725.952,665.856,682.432,577.92,514.816,444.576,354.368,376.352,296.224,260.576,252.992,193.76,136.896,84.064,54.496,52.064,33.44,27.104,10.496,11.808,13.728,7.904,0,1.664,0,0,0,0,0,0,0,0,0,0,0,0,0,0,0,0,0,0,0,0,0,0,0,0,0,0,0,0,0,0,0,0,0,0,0,0,0,6.04,8.813,10.447,12.322,13.861,15.098,17.443,20.27,24.663,27.458,31.622,34.429,33.633,32.054,30.239,28.004,26.972,27.009,25.634,25.133,25.186,24.15,21.908,20.401,17.921,15.541,13.883,14.103,13.545,13.633,13.739,14.269,15.006,14.082,14.929,12.847,12.382,12.187,10.639,9.518,8.055,6.383,6.277,4.854,4.255,4.001,2.926,2.092,1.307,0.832,0.737,0.457,0.364,0.139,0.153,0.174,0.098,0,0.02,0,0,0,0,0,0,0
2026-08-30 12:03:00,1,"Normal Scan","Normal Scan",0,"ON",1,1,1,737,5,19.9,97.1,50.5,0.0000000692771,0.0000181761,4.97,8954.6,8.8,736.5,1,"Up Scan","Positive",254,0,4.37,1.6,8,8,0,1,1,15.65,23.25,17.989,9.647,1.824,7650.39,46,21,NA,0,0,0,0,0,0,0,0,0,0,0,0,0,0,0,0,0,0,0,0,0,0,0,0,0,0,0,0,0,0,0,25273.536,22256.608,17672.512,16150.624,14077.792,12885.664,11742.816,11207.552,11776.192,12195.776,11571.84,9921.664,8743.424,7609.184,6320.768,5668.992,4873.44,4345.728,3820.064,3442.016,2933.248,2477.76,1960.832,1632.064,1277.536,1018.08,881.184,772.576,764.896,724.416,831.264,782.944,820.064,796.16,738.08,733.184,579.008,616,518.432,359.36,344.992,284.16,270.528,300,217.44,169.088,145.472,88.992,74.752,51.072,29.44,16.512,17.12,11.84,4.576,4.768,8.192,0,0,0,0,0,0,0,0,0,0,0,0,0,0,0,0,0,0,0,0,0,0,0,0,0,0,0,0,0,0,0,0,0,0,0,0,0,0,7.7,10.195,12.904,14.041,16.631,18.324,20.7,22.592,25.482,31.052,36.799,39.491,37.925,37.257,35.829,32.763,32.125,30.03,28.983,27.454,26.485,24.138,21.82,18.5,16.61,14.107,12.409,11.74,11.209,11.788,11.837,13.345,13.219,14.026,13.592,12.858,12.677,10.618,11.271,9.584,6.705,6.171,4.955,4.653,4.712,3.397,2.639,2.212,1.312,1.11,0.755,0.402,0.223,0.226,0.153,0.058,0.059,0.099,0,0,0,0,0,0,0,0
2026-08-30 12:08:00,1,"Normal Scan","Normal Scan",0,"ON",1,1,1,737,5,19.8,97.1,50.5,0.000000069247,0.0000181713,4.97,8954.6,8.8,736.5,1,"Up Scan","Positive",254,0,4.37,1.6,8,8,0,1,1,14.891,21.79,17.086,9.647,1.779,8476.77,46,21,NA,0,0,0,0,0,0,0,0,0,0,0,0,0,0,0,0,0,0,0,0,0,0,0,0,0,0,0,0,0,0,0,32661.088,26162.112,23342.688,19073.44,15176.704,12977.664,12097.632,12313.216,12388.8,13401.056,13290.624,12275.808,10000.896,8311.008,6915.488,5541.984,4607.84,3878.304,3360.352,2852.288,2410.368,2010.048,1667.616,1424,991.904,785.984,684.672,649.632,625.664,678.336,818.4,763.968,800.416,805.088,742.752,668.576,613.696,538.624,470.208,391.232,341.28,341.632,265.6,264.832,236.256,196.64,147.264,115.296,50.464,44.256,36.192,15.136,8.544,10.304,3.072,7.936,1.664,0,0,0,0,0,0,0,0,0,0,0,0,0,0,0,0,0,0,0,0,0,0,0,0,0,0,0,0,0,0,0,0,0,0,0,0,0,0,8.782,13.145,15.201,18.445,19.648,19.735,20.849,23.36,27.962,32.655,40.432,45.303,46.812,42.44,39.005,35.665,31.29,28.309,25.761,24.122,21.916,19.799,17.666,15.73,14.476,11.235,10.019,9.474,9.863,10.082,11.194,13.141,12.839,13.588,13.691,12.886,12.232,11.022,10.1,8.846,7.303,6.337,5.745,4.384,4.242,3.677,2.955,2.207,1.663,0.779,0.629,0.493,0.204,0.113,0.134,0.039,0.098,0.02,0,0,0,0,0,0,0,0
2026-08-30 12:13:00,1,"Normal Scan","Normal Scan",0,"ON",1,1,1,736.9,5,19.8,97,50.5,0.0000000693183,0.0000181713,4.97,8954.6,8.8,736.5,1,"Up Scan","Positive",254,0,4.37,1.6,8,8,0,1,1,14.955,21.982,17.259,9.647,1.788,9816.18,46,20.9,NA,0,0,0,0,0,0,0,0,0,0,0,0,0,0,0,0,0,0,0,0,0,0,0,0,0,0,0,0,0,0,0,36068.032,32538.688,25746.112,21899.072,18214.56,15117.376,12984.96,12699.872,13983.04,14929.984,15724.384,14672.352,12323.808,9600.736,8172.48,6604.672,5428.032,4537.376,3713.952,3215.104,2861.824,2420.32,2196.224,1740.672,1371.264,1173.44,1018.08,1035.616,972.096,1103.84,1125.056,1072,1012.928,927.648,840.608,742.88,702.272,565.92,509.664,436.544,342.816,279.488,272.192,326.88,240.288,187.36,144.128,112.672,78.56,46.016,26.144,21.376,14.304,5.92,6.112,1.568,0,6.816,1.76,0,0,0,0,0,0,0,0,0,0,0,0,0,0,0,0,0,0,0,0,0,0,0,0,0,0,0,0,0,0,0,0,0,0,0,0,10.215,14.589,18.909,20.409,22.596,23.692,24.223,25.071,28.922,36.933,45.041,53.584,55.963,52.31,45.02,42.101,37.249,33.373,30.279,26.756,24.899,23.695,21.49,20.933,18,15.644,14.648,13.804,14.75,14.51,16.555,17.494,16.934,16.629,15.55,14.467,12.81,12.445,10.87,9.433,7.927,6.262,5.035,4.636,5.07,3.713,2.878,2.156,1.672,1.104,0.658,0.402,0.297,0.188,0.076,0.077,0.02,0,0.08,0.02,0,0,0,0,0,0
2026-08-30 12:18:00,1,"Normal Scan","Normal Scan",0,"ON",1,1,1,736.9,5,19.8,97,50.6,0.0000000693183,0.0000181713,4.97,8954.6,8.8,736.5,1,"Up Scan","Positive",254,0,4.37,1.6,8,8,0,1,1,16.221,22.663,17.91,9.647,1.783,9609.05,46,20.9,NA,0,0,0,0,0,0,0,0,0,0,0,0,0,0,0,0,0,0,0,0,0,0,0,0,0,0,0,0,0,0,0,31718.592,26721.344,22957.888,20369.344,15289.408,13921.12,13536.896,13073.728,14390.176,16353.312,17076.672,16621.472,14500.416,11023.136,9161.792,7224.384,5736.864,4647.776,3751.84,3259.424,2785.056,2410.624,2118.88,1774.144,1491.136,1305.472,1084.192,1042.592,1102.016,1073.248,1082.848,1065.28,1004.064,867.648,892.096,765.728,703.04,600.704,467.616,440.96,356.32,310.656,268.224,262.24,249.728,192.096,149.984,70.272,52.96,52.608,34.656,22.304,18.56,13.344,3.04,9.472,3.264,5.088,0,1.792,0,0,0,0,0,0,0,0,0,0,0,0,0,0,0,0,0,0,0,0,0,0,0,0,0,0,0,0,0,0,0,0,0,0,0,8.603,12.822,15.585,18.229,20.944,19.868,22.368,26.156,29.843,38.007,49.383,58.247,63.336,61.47,51.632,47.134,40.686,35.188,30.977,27.044,25.287,23.219,21.481,20.305,18.406,16.84,15.921,14.534,14.759,16.023,16.294,16.981,17.075,16.278,14.711,15.153,13.342,12.32,10.906,8.852,8.126,6.306,5.259,4.508,4.255,3.911,2.979,2.311,1.062,0.814,0.755,0.511,0.315,0.245,0.172,0.039,0.118,0.04,0.06,0,0.021,0,0,0,0,0
2026-08-30 12:23:00,1,"Normal Scan","Normal Scan",0,"ON",1,1,1,736.9,5,19.8,97,50.6,0.0000000693183,0.0000181713,4.97,8954.6,8.8,736.5,1,"Up Scan","Positive",254,0,4.37,1.6,8,8,0,1,1,16.454,22.463,17.921,9.647,1.765,10874.7,46,20.9,NA,0,0,0,0,0,0,0,0,0,0,0,0,0,0,0,0,0,0,0,0,0,0,0,0,0,0,0,0,0,0,0,33132.768,32778.4,26098.144,21763.584,17803.776,15284.736,14263.168,14163.84,16038.432,18382.848,19155.872,19775.584,17470.176,14189.632,10758.08,8630.688,6857.248,5385.536,4268.608,3673.088,3038.08,2678.88,2363.232,2037.44,1661.504,1429.536,1190.592,1096.544,1148.448,1131.584,1075.52,1020.992,982.496,942.72,912.416,807.488,793.152,699.84,557.184,377.12,348.96,304.992,265.28,261.024,265.92,210.72,152.64,112.384,87.104,49.792,32.064,15.552,15.648,13.248,18.272,9.472,1.632,0,0,5.376,0,0,0,0,0,0,0,0,0,0,0,0,0,0,0,0,0,0,0,0,0,0,0,0,0,0,0,0,0,0,0,0,0,0,0,9.58,13.381,19.129,20.683,22.404,23.175,24.55,27.607,32.292,42.401,55.54,65.417,75.482,74.052,66.332,55.268,48.49,42.003,35.822,30.744,28.436,25.306,23.813,22.592,20.941,18.576,17.202,15.629,15.358,16.834,17.328,16.976,16.936,16.453,15.555,15.341,14.005,13.667,12.457,10.354,7.3,6.36,5.48,4.588,4.256,4.108,3.208,2.37,1.753,1.305,0.694,0.438,0.26,0.207,0.172,0.232,0.118,0.02,0,0,0.062,0,0,0,0,0
2026-08-30 12:28:00,1,"Normal Scan","Normal Scan",0,"ON",1,1,1,736.8,5,19.7,97,50.5,0.0000000692882,0.0000181665,4.97,8954.6,8.8,736.5,1,"Up Scan","Positive",254,0,4.37,1.6,8,8,0,1,1,16.834,22.803,18.219,9.647,1.773,11908.4,46,20.9,NA,0,0,0,0,0,0,0,0,0,0,0,0,0,0,0,0,0,0,0,0,0,0,0,0,0,0,0,0,0,0,0,38004.384,30611.328,27530.208,24069.792,18499.904,16537.344,16044,15370.368,17379.36,19453.696,21870.432,22024.736,19873.024,16110.848,12267.04,9881.952,7591.904,5818.624,4822.656,4049.888,3592.928,3102.56,2750.432,2459.712,2142.688,1873.536,1613.984,1523.648,1405.664,1316.704,1215.936,1250.4,1110.304,1054.912,970.112,944.928,861.568,713.216,608.48,526.24,391.52,346.112,295.296,290.816,273.216,160.352,134.112,107.296,76.576,58.336,25.984,17.888,17.12,13.312,3.04,1.568,3.296,5.088,0,0,0,0,0,0,0,0,0,0,0,0,0,0,0,0,0,0,0,0,0,0,0,0,0,0,0,0,0,0,0,0,0,0,0,0,0,10.632,15.41,17.825,21.793,24.796,24.059,26.517,31.006,35.063,46.005,58.802,74.656,84.004,84.234,75.387,63.075,55.579,46.535,38.795,34.826,31.609,30.051,27.87,26.508,25.27,23.699,22.15,20.674,20.673,20.058,19.81,19.481,19.946,18.464,17.756,16.546,16.053,14.763,12.814,10.979,9.092,6.961,6.019,4.951,4.642,4.181,2.507,2.075,1.556,1.089,0.842,0.387,0.241,0.226,0.172,0.039,0.02,0.04,0.06,0,0,0,0,0,0,0
2026-08-30 12:33:00,1,"Normal Scan","Normal Scan",0,"ON",1,1,1,736.8,5,19.7,97,50.6,0.0000000692882,0.0000181665,4.97,8954.6,8.8,736.5,1,"Up Scan","Positive",254,0,4.37,1.6,8,8,0,1,1,17.06,24.486,18.794,9.647,1.843,7022.78,46,20.8,NA,0,0,0,0,0,0,0,0,0,0,0,0,0,0,0,0,0,0,0,0,0,0,0,0,0,0,0,0,0,0,0,22466.912,17295.232,13429.888,12034.848,10032.288,9326.4,10225.248,12188.32,13233.152,13528.864,13016.416,11669.152,10436.288,8068.384,6566.432,5356.64,4565.088,3484.448,3004.192,2473.92,2140.384,1774.24,1541.6,1249.632,1157.6,1009.92,839.264,915.712,864.032,976.608,1096.224,1015.232,948,877.504,838.72,844.64,671.392,628.736,509.024,407.712,315.936,284.288,266.368,240.032,221.92,193.472,170.24,115.392,59.68,58.336,36.928,17.536,14.272,10.4,6.112,3.136,3.232,0,3.488,0,0,0,0,0,0,0,0,0,0,0,0,0,0,0,0,0,0,0,0,0,0,0,0,0,0,0,0,0,0,0,0,0,0,0,0,7.12,9.062,10.034,10.644,12.374,13.078,15.023,19.805,27.796,34.901,40.822,44.326,44.54,44.286,37.844,33.793,30.179,27.941,23.199,21.561,19.21,17.829,15.88,14.949,13.185,13.415,12.869,11.687,13.193,13.34,15.124,17.262,16.318,15.547,14.932,14.131,14.264,11.938,11.213,9.307,7.722,6.081,4.933,4.561,3.968,3.464,2.935,2.587,1.694,0.877,0.809,0.53,0.241,0.188,0.134,0.077,0.039,0.04,0,0.041,0,0,0,0,0,0
2026-08-30 12:38:00,1,"Normal Scan","Normal Scan",0,"ON",1,1,1,736.9,5,19.8,97,50.3,0.0000000693183,0.0000181713,4.97,8954.6,8.8,736.5,1,"Up Scan","Positive",254,0,4.37,1.6,8,8,0,1,1,16.771,24.172,18.659,9.647,1.833,7297.18,45,20.9,NA,0,0,0,0,0,0,0,0,0,0,0,0,0,0,0,0,0,0,0,0,0,0,0,0,0,0,0,0,0,0,0,23492.192,17014.368,13510.464,12019.168,10452.864,10650.176,12493.696,14348.832,16118.912,14954.272,13335.136,11225.088,8843.296,7261.216,5739.168,4830.816,3797.376,3243.136,2835.584,2521.952,2331.168,2067.328,1907.264,1709.6,1625.952,1385.44,1239.456,1147.2,1023.136,1038.624,1003.264,968.928,932.032,755.616,774.368,721.248,699.04,592.032,500.256,444.8,337.76,311.136,248.736,222.4,215.936,176.32,155.616,100.32,66.304,33.856,30.816,20.704,14.24,13.248,3.072,1.6,1.6,1.664,0,0,0,0,0,0,0,0,0,0,0,0,0,0,0,0,0,0,0,0,0,0,0,0,0,0,0,0,0,0,0,0,0,0,0,0,0,7.832,9.472,9.917,10.713,12.449,13.594,17.146,24.137,32.692,42.514,45.017,45.341,42.78,37.539,34.064,29.59,27.31,23.453,21.783,20.632,19.86,19.678,18.71,18.451,17.759,18.07,16.533,16.036,15.507,14.896,15.598,15.829,15.761,15.409,13.214,13.388,12.674,12.173,10.541,9.101,8.053,6.177,5.353,4.171,3.554,3.381,2.718,2.338,1.456,0.961,0.485,0.42,0.278,0.188,0.172,0.039,0.02,0.02,0.02,0,0,0,0,0,0,0
2026-08-30 12:43:00,1,"Normal Scan","Normal Scan",0,"ON",1,1,1,736.8,5,19.7,97,50,0.0000000692882,0.0000181665,4.97,8954.6,8.8,736.5,1,"Up Scan","Positive",254,0,4.37,1.6,8,8,0,1,1,15.8,23.302,17.852,9.647,1.835,7142.91,44,20.9,NA,0,0,0,0,0,0,0,0,0,0,0,0,0,0,0,0,0,0,0,0,0,0,0,0,0,0,0,0,0,0,0,25164.96,20668.864,17300.512,13627.904,11715.008,10394.656,11117.76,12640.096,13317.824,13462.56,11979.776,9824.544,7685.536,6286.272,5028.832,4224.896,3365.76,2959.392,2603.264,2428.8,2230.624,2054.4,1870.24,1676.608,1477.728,1274.24,1055.36,937.056,867.168,827.008,802.816,780.992,756.608,638.816,685.056,617.888,621.824,584.288,567.296,389.216,373.152,293.248,265.024,264.032,208.128,212.128,137.088,113.92,68.032,29.664,28.672,21.792,14.688,10.144,6.08,6.336,4.928,3.424,0,0,0,0,0,0,0,0,0,0,0,0,0,0,0,0,0,0,0,0,0,0,0,0,0,0,0,0,0,0,0,0,0,0,0,0,0,8.823,10.082,11.963,13.754,14.002,15.215,16.726,21.471,28.77,35.06,40.536,40.719,37.459,32.65,29.495,26.004,23.935,20.835,19.962,18.989,19.062,18.779,18.421,17.897,17.134,16.207,15.048,13.461,12.764,12.704,12.899,12.879,13.09,13.551,11.5,12.244,11.197,11.187,10.722,10.031,7.39,6.669,5.189,4.38,4.162,3.309,3.251,2.089,1.654,1.026,0.449,0.42,0.293,0.195,0.131,0.077,0.078,0.06,0.04,0,0,0,0,0,0,0
2026-08-30 12:48:00,1,"Normal Scan","Normal Scan",0,"ON",1,1,1,736.9,5,19.8,97,49.7,0.0000000693183,0.0000181713,4.97,8954.6,8.8,736.5,1,"Up Scan","Positive",254,0,4.37,1.6,8,8,0,1,1,14.938,21.558,16.933,9.647,1.771,7989.03,45,20.9,NA,0,0,0,0,0,0,0,0,0,0,0,0,0,0,0,0,0,0,0,0,0,0,0,0,0,0,0,0,0,0,0,35004.224,24788.96,19984.064,16069.184,13245.376,12264.224,11562.208,11668.832,13690.4,13066.976,12620.256,10598.624,8745.312,7940,6711.328,5330.72,4459.04,3478.016,3003.2,2641.856,2190.944,1880.064,1645.984,1387.84,1206.336,980.288,747.808,598.912,544.64,444.672,445.888,506.816,472.96,487.68,574.688,563.264,572.704,558.496,510.24,407.264,315.84,289.504,290.592,242.784,238.048,204.768,142.08,113.28,70.976,39.872,30.944,22.368,11.392,11.84,6.144,4.736,6.528,3.392,1.76,1.792,0,0,0,0,0,0,0,0,0,0,0,0,0,0,0,0,0,0,0,0,0,0,0,0,0,0,0,0,0,0,0,0,0,0,0,11.731,13.953,14.381,15.787,16.55,17.234,19.665,22.324,26.559,36.108,39.349,42.979,40.431,37.157,37.284,34.576,30.036,27.362,23.192,21.618,20.47,18.197,16.606,15.448,13.935,12.772,11.262,9.499,8.417,8.271,7.92,8.344,9.544,9.394,9.488,10.462,10.429,10.66,10.255,9.569,7.458,5.853,5.179,4.813,3.913,3.747,3.112,2.157,1.703,1.054,0.604,0.438,0.334,0.151,0.153,0.077,0.059,0.079,0.04,0.02,0.021,0,0,0,0,0
2026-08-30 12:53:00,1,"Normal Scan","Normal Scan",0,"ON",1,1,1,736.9,5,19.8,97,49.5,0.0000000693183,0.0000181713,4.97,8954.6,8.8,736.5,1,"Up Scan","Positive",254,0,4.37,1.6,8,8,0,1,1,12.867,21.777,16.158,9.647,1.869,6719.41,44,20.9,NA,0,0,0,0,0,0,0,0,0,0,0,0,0,0,0,0,0,0,0,0,0,0,0,0,0,0,0,0,0,0,0,39297.664,29213.472,19116.064,14662.208,10756.128,9377.12,8091.936,8635.968,8451.424,8690.688,7737.12,6751.04,4965.984,4115.168,3379.552,2843.872,2568.544,2283.776,2000.384,1967.2,1950.88,1896.928,1659.744,1481.216,1277.12,1024.128,859.04,714.208,667.36,604.32,551.072,626.176,579.776,533.824,589.824,664.512,636.672,624.992,604.032,514.528,347.392,333.12,292.064,289.824,226.304,151.648,126.528,85.408,58.784,50.848,25.984,19.04,12.864,14.752,9.152,3.168,3.264,1.664,1.76,1.792,0,0,0,0,0,0,0,0,0,0,0,0,0,0,0,0,0,0,0,0,0,0,0,0,0,0,0,0,0,0,0,0,0,0,0,14.151,15.733,16.906,15.09,15.082,13.937,15.05,15.617,19.595,22.247,26.142,26.3,25.745,21.105,19.349,17.53,16.233,16.028,15.475,14.691,15.514,16.333,16.853,15.781,14.951,13.809,11.955,10.975,10.017,9.885,10.082,10.172,11.29,11.295,10.636,10.965,11.978,11.521,11.367,10.638,8.835,6.147,5.621,4.893,4.581,3.529,2.358,1.977,1.28,0.867,0.737,0.365,0.278,0.169,0.191,0.116,0.039,0.04,0.02,0.02,0.021,0,0,0,0,0
2026-08-30 12:58:00,1,"Normal Scan","Normal Scan",0,"ON",1,1,1,736.9,5,19.8,97,49.4,0.0000000693183,0.0000181713,4.97,8954.6,8.8,736.5,1,"Up Scan","Positive",254,0,4.37,1.6,8,8,0,1,1,11.979,21.293,15.541,9.647,1.88,6552.42,45,20.8,NA,0,0,0,0,0,0,0,0,0,0,0,0,0,0,0,0,0,0,0,0,0,0,0,0,0,0,0,0,0,0,0,45704.928,31781.504,20556.352,13824.768,9674.624,8253.984,7073.728,6705.312,7031.584,6627.104,6365.152,5511.648,4788.64,3719.2,3257.568,2822.24,2353.216,1994.08,1805.696,1735.136,1571.456,1442.912,1305.152,1151.968,977.28,801.728,673.6,665.536,580.896,647.136,645.184,645.12,644.768,638.656,634.912,598.976,590.976,592.448,569.056,506.72,459.072,329.792,258.272,247.904,258.08,166.144,158.464,98.4,67.04,43.328,29.536,25.152,19.136,25.056,8.608,3.776,1.632,0,3.488,3.616,0,0,0,0,0,0,0,0,0,0,0,0,0,0,0,0,0,0,0,0,0,0,0,0,0,0,0,0,0,0,0,0,0,0,0,17.03,18.275,18.388,16.179,14.167,12.568,13.226,13.59,15.223,18.526,19.987,21.695,21.07,20.327,17.498,16.853,15.997,14.587,13.45,13.169,13.569,13.156,12.881,12.511,11.777,10.878,9.851,9.149,9.476,9.205,10.461,11.07,11.549,11.981,12.015,12.082,11.138,10.694,10.744,10.421,8.919,7.99,5.701,4.395,4.027,4.059,2.648,2.486,1.521,1.019,0.604,0.42,0.371,0.32,0.325,0.109,0.047,0.02,0,0.041,0.041,0.048,0,0,0,0
2026-08-30 13:03:00,1,"Normal Scan","Normal Scan",0,"ON",1,1,1,736.8,5,19.7,97,49.2,0.0000000692882,0.0000181665,4.97,8954.6,8.8,736.5,1,"Up Scan","Positive",254,0,4.37,1.6,8,8,0,1,1,12.659,21.051,15.915,9.647,1.834,7916.29,44,20.8,NA,0,0,0,0,0,0,0,0,0,0,0,0,0,0,0,0,0,0,0,0,0,0,0,0,0,0,0,0,0,0,0,50491.232,34398.016,22286.112,16374.176,11925.568,10043.264,9177.824,9029.728,9330.688,9342.592,8694.656,7868.832,6847.712,5817.44,4900.672,4572.704,3830.24,3245.92,2795.456,2394.368,2058.688,1689.696,1463.2,1377.952,1172.768,943.008,824.608,657.12,670.56,672.448,665.6,674.496,653.056,629.312,640.416,623.744,626.144,597.056,556.576,515.488,405.792,346.4,344,297.792,252.704,164.224,140,86.816,59.68,48.288,32.064,14.016,12.832,8.864,12.224,7.968,4.928,1.696,0,1.792,0,0,0,0,0,0,0,0,0,0,0,0,0,0,0,0,0,0,0,0,0,0,0,0,0,0,0,0,0,0,0,0,0,0,0,17.31,20.278,19.907,17.577,16.735,15.469,16.11,17.684,20.522,24.597,28.166,29.672,30.076,29.159,27.38,25.341,25.84,23.542,21.628,20.175,18.613,17.127,15.071,13.915,14.041,12.855,11.39,10.754,9.45,10.203,11.033,11.301,12.015,12.007,12.078,12.028,11.522,11.73,11.057,10.09,9.042,7.015,5.86,5.588,4.767,3.905,2.538,2.112,1.339,0.92,0.719,0.438,0.204,0.169,0.115,0.155,0.098,0.06,0.02,0,0.021,0,0,0,0,0
2026-08-30 13:08:00,1,"Normal Scan","Normal Scan",0,"ON",1,1,1,736.8,5,19.7,97,49.2,0.0000000692882,0.0000181665,4.97,8954.6,8.8,736.5,1,"Up Scan","Positive",254,0,4.37,1.6,8,8,0,1,1,12.173,21.801,15.919,9.647,1.898,7427.38,45,20.8,NA,0,0,0,0,0,0,0,0,0,0,0,0,0,0,0,0,0,0,0,0,0,0,0,0,0,0,0,0,0,0,0,47011.008,34943.072,24746.336,16945.696,11567.232,8839.136,7532.96,7721.472,7609.6,7976.032,6751.008,6160.864,5190.176,4637.92,3830.592,3272,3022.176,2732.512,2230.816,2195.488,1919.36,1838.4,1753.344,1571.008,1314.816,1178.24,1055.744,967.2,860.032,894.496,857.088,834.912,773.792,693.952,691.456,726.784,613.376,694.688,604,515.104,450.752,341.952,331.488,285.76,269.408,218.72,162.624,100.544,80.416,44.16,31.072,22.208,15.68,19.392,10.432,9.44,4.928,3.392,0,0,0,0,0,0,0,0,0,0,0,0,0,0,0,0,0,0,0,0,0,0,0,0,0,0,0,0,0,0,0,0,0,0,0,0,0,15.821,18.947,20.259,19.499,17.394,14.965,14.146,14.525,17.549,20.039,23.988,23.043,23.575,22.111,21.811,19.882,18.574,18.723,18.428,16.349,17.233,16.225,16.625,16.874,16.143,14.706,14.124,13.71,13.157,12.702,14.012,13.873,14.386,13.901,12.937,13.053,13.056,11.559,12.567,10.957,9.455,7.762,6.034,5.476,4.608,4.188,3.375,2.521,1.554,1.178,0.662,0.442,0.297,0.207,0.252,0.132,0.118,0.06,0.04,0,0,0,0,0,0,0
2026-08-30 13:13:00,1,"Normal Scan","Normal Scan",0,"ON",1,1,1,736.8,5,19.7,97,49.3,0.0000000692882,0.0000181665,4.97,8954.6,8.8,736.5,1,"Up Scan","Positive",254,0,4.37,1.6,8,8,0,1,1,12.339,21.214,15.944,9.647,1.856,7927.72,45,20.8,NA,0,0,0,0,0,0,0,0,0,0,0,0,0,0,0,0,0,0,0,0,0,0,0,0,0,0,0,0,0,0,0,47520.416,38006.592,25711.776,17166.56,12612.384,9405.344,8104.8,8379.744,8656.544,8572.256,7817.824,6710.4,6110.464,5079.744,4527.584,3945.632,3485.408,3162.4,2743.296,2576.928,2477.12,2209.12,1940.896,1720.864,1543.904,1319.04,1083.136,894.816,803.456,851.104,800.704,781.184,676.704,743.68,638.912,601.536,637.344,604,597.792,475.712,402.592,315.424,256.192,229.216,181.472,171.392,132.64,100.96,62.752,36.672,41.376,19.296,14.176,14.784,3.072,1.568,6.592,0,0,0,0,0,0,0,0,0,0,0,0,0,0,0,0,0,0,0,0,0,0,0,0,0,0,0,0,0,0,0,0,0,0,0,0,0,0,14.521,19.12,22.058,20.244,17.595,16.391,15.06,15.638,19.027,22.815,25.83,26.663,25.651,26.024,23.948,23.463,22.435,21.607,21.262,19.989,20.204,20.747,19.737,18.449,17.514,16.86,15.474,13.736,12.359,12.043,13.011,12.945,13.385,12.488,13.299,11.684,11.055,11.278,10.686,10.283,8.53,7.086,5.382,4.23,3.804,2.85,2.656,2.043,1.469,0.895,0.557,0.566,0.26,0.188,0.191,0.039,0.02,0.079,0,0,0,0,0,0,0,0
2026-08-30 13:18:00,1,"Normal Scan","Normal Scan",0,"ON",1,1,1,736.8,5,19.7,97,49.2,0.0000000692882,0.0000181665,4.97,8954.6,8.8,736.5,1,"Up Scan","Positive",254,0,4.37,1.6,8,8,0,1,1,11.755,20.285,15.179,9.647,1.831,7009.08,44,20.8,NA,0,0,0,0,0,0,0,0,0,0,0,0,0,0,0,0,0,0,0,0,0,0,0,0,0,0,0,0,0,0,0,45666.72,36620.896,25882.88,17142.4,11057.952,7815.424,6546.08,6794.112,6952.672,6803.808,6443.392,5294.432,4521.984,3847.328,3360.352,2716.128,2586.848,2157.216,2117.664,1874.816,1881.44,1776.672,1497.056,1409.088,1148.448,854.88,720.64,632,528.256,398.272,421.472,481.536,516.064,562.464,542.08,531.84,606.944,556.768,519.232,484.064,387.968,295.84,256.864,248.736,220.48,196.384,141.056,84.704,58.72,37.696,35.648,22.016,11.392,4.416,6.112,1.568,1.632,6.784,0,0,0,0,0,0,0,0,0,0,0,0,0,0,0,0,0,0,0,0,0,0,0,0,0,0,0,0,0,0,0,0,0,0,0,0,0,13.926,18.373,21.299,20.388,17.527,14.274,12.517,12.649,15.401,18.305,20.454,21.93,20.261,19.239,18.127,17.42,15.501,16.09,14.589,15.471,14.706,15.639,15.732,14.124,14.087,12.165,9.959,9.156,8.88,8.35,7.163,8.08,9.374,9.892,10.855,10.426,10.005,10.872,10.189,9.445,8.627,6.868,4.945,4.289,3.994,3.481,2.983,2.092,1.278,0.824,0.557,0.53,0.297,0.151,0.057,0.077,0.02,0.02,0.08,0,0,0,0,0,0,0
2026-08-30 13:23:00,1,"Normal Scan","Normal Scan",0,"ON",1,1,1,736.8,5,19.7,97,49.1,0.0000000692882,0.0000181665,4.97,8954.6,8.8,736.5,1,"Up Scan","Positive",254,0,4.37,1.6,8,8,0,1,1,12.554,21.977,16.451,9.647,1.888,8838.32,45,20.8,NA,0,0,0,0,0,0,0,0,0,0,0,0,0,0,0,0,0,0,0,0,0,0,0,0,0,0,0,0,0,0,0,44914.24,38566.688,31202.432,24177.824,17247.264,11492.192,8468.224,8508.064,7948.576,8461.984,8141.728,7605.536,6435.776,5396.736,4759.04,4194.144,3547.744,3387.392,3211.808,3292.896,3123.648,2982.368,2641.696,2625.408,2447.168,2272.32,1945.792,1622.464,1406.464,1258.624,1032.736,963.328,897.376,870.624,795.552,694.304,681.664,592.448,535.04,457.28,397.824,289.6,244.864,282.016,189.632,197.568,119.68,101.216,60.448,56.928,24.16,17.216,15.936,5.92,3.04,3.136,3.264,1.696,5.28,0,0,0,0,0,0,0,0,0,0,0,0,0,0,0,0,0,0,0,0,0,0,0,0,0,0,0,0,0,0,0,0,0,0,0,0,13.267,18.099,22.393,24.686,24.864,22.33,18.355,16.312,19.297,20.925,25.52,27.79,29.063,27.42,25.448,24.783,23.979,22.238,23.048,23.718,26.173,26.698,27.088,25.6,26.862,26.485,25.846,23.562,21.076,19.394,18.437,16.171,15.815,14.982,14.875,14.005,12.181,11.878,10.812,9.664,8.173,6.843,5.09,4.172,4.461,2.991,3.043,1.818,1.48,0.902,0.81,0.365,0.26,0.245,0.076,0.039,0.039,0.04,0.02,0.061,0,0.033,0,0,0,0
2026-08-30 13:28:00,1,"Normal Scan","Normal Scan",0,"ON",1,1,1,736.8,5,19.7,97,49,0.0000000692882,0.0000181665,4.97,8954.6,8.8,736.5,1,"Up Scan","Positive",254,0,4.37,1.6,8,8,0,1,1,12.164,21.566,15.913,9.647,1.891,7541.15,44,20.8,NA,0,0,0,0,0,0,0,0,0,0,0,0,0,0,0,0,0,0,0,0,0,0,0,0,0,0,0,0,0,0,0,42506.144,35600.928,27839.52,20843.648,14560.544,10467.232,7164.672,6535.904,6756.64,6926.272,6060.896,5659.776,4702.816,4070.72,3301.728,3028.928,2571.648,2462.848,2305.024,2279.328,2370.336,2347.872,2122.976,1957.952,1784.416,1530.048,1347.2,1171.712,1120.832,1089.664,910.976,808.16,841.792,741.728,714.784,651.84,617.76,606.656,500.544,444.32,377.344,305.024,285.44,243.136,226.432,154.72,112.896,83.552,60.352,48.16,30.752,16.544,11.392,13.28,6.08,3.136,4.864,6.72,0,0,0,0,0,0,0,0,0,0,0,0,0,0,0,0,0,0,0,0,0,0,0,0,0,0,0,0,0,0,0,0,0,0,0,0,0,13.742,17.077,20.696,22.041,21.365,18.85,16.742,13.791,14.861,17.808,20.844,20.669,21.626,20.039,19.183,17.199,17.353,16.17,16.816,17.077,18.165,20.091,21.183,20.449,20.145,19.608,17.885,16.754,15.781,15.748,16.033,14.552,13.569,14.222,13.083,12.736,11.632,11.104,10.823,9.151,7.85,6.538,5.186,4.775,3.908,3.514,2.413,1.746,1.236,0.902,0.738,0.42,0.223,0.151,0.172,0.077,0.039,0.06,0.08,0,0,0,0,0,0,0
2026-08-30 13:33:00,1,"Normal Scan","Normal Scan",0,"ON",1,1,1,736.8,5,19.7,97,48.9,0.0000000692882,0.0000181665,4.97,8954.6,8.8,736.5,1,"Up Scan","Positive",254,0,4.37,1.6,8,8,0,1,1,13.146,20.793,16.187,9.647,1.789,9470.45,44,20.8,NA,0,0,0,0,0,0,0,0,0,0,0,0,0,0,0,0,0,0,0,0,0,0,0,0,0,0,0,0,0,0,0,44314.656,37751.008,29149.664,24456.992,20151.936,15333.312,12309.248,10938.272,10827.36,11142.08,10391.36,8951.456,7929.12,7350.016,6400.416,5268,4683.52,4350.912,3767.328,3348.832,2957.472,2530.496,2110.944,1828.256,1495.136,1259.2,1101.6,924.576,901.28,838.528,705.536,715.584,662.816,675.776,610.208,594.176,633.376,560.512,548.608,488.48,402.336,371.904,242.048,248.832,232.768,181.472,109.472,100.736,65.312,39.104,30.56,23.456,4.8,17.76,6.08,1.6,9.728,5.056,3.456,0,0,0,0,0,0,0,0,0,0,0,0,0,0,0,0,0,0,0,0,0,0,0,0,0,0,0,0,0,0,0,0,0,0,0,0,14.533,17.863,21.979,23.023,25.154,26.214,24.538,23.652,24.807,28.567,33.601,35.421,34.272,33.789,34.622,33.16,29.884,28.936,29.053,27.187,25.948,24.544,22.444,20.051,18.619,16.374,14.567,13.821,12.595,12.961,12.772,11.917,12.364,12.024,12.416,11.406,11.324,11.051,10.334,9.955,8.493,6.95,6.306,4.091,3.983,3.691,2.733,1.765,1.478,1.026,0.576,0.475,0.315,0.075,0.229,0.077,0.02,0.119,0.06,0.041,0,0.016,0,0,0,0
2026-08-30 13:38:00,1,"Normal Scan","Normal Scan",0,"ON",1,1,1,736.8,5,19.7,97,48.8,0.0000000692882,0.0000181665,4.97,8954.6,8.8,736.5,1,"Up Scan","Positive",254,0,4.37,1.6,8,8,0,1,1,13.176,20.746,16.169,9.647,1.788,9514.08,44,20.7,NA,0,0,0,0,0,0,0,0,0,0,0,0,0,0,0,0,0,0,0,0,0,0,0,0,0,0,0,0,0,0,0,43359.008,36733.44,29384.192,24893.696,21798.144,17810.912,13943.68,11334.816,10110.592,9808.064,9299.168,8969.536,8113.184,7098.496,6226.816,5403.616,4504.32,3960.512,3477.504,2839.392,2749.856,2435.424,2321.088,2089.76,1800.832,1524.448,1351.392,1051.488,855.04,843.936,772.928,775.776,762.72,695.456,592.864,692.544,606.624,611.36,501.76,418.592,388.736,262.304,267.584,222.816,178.848,175.52,114.176,84.288,73.792,47.328,42.88,22.272,14.272,11.84,7.616,4.736,3.296,1.664,0,3.584,0,0,0,0,0,0,0,0,0,0,0,0,0,0,0,0,0,0,0,0,0,0,0,0,0,0,0,0,0,0,0,0,0,0,0,14.189,17.453,21.4,23.362,25.611,28.352,28.453,26.783,25.737,26.639,29.571,31.771,34.319,34.529,33.363,32.148,30.573,27.833,26.609,25.275,22.32,23.104,21.888,22.002,21.1,19.33,17.591,16.745,14.141,12.456,12.943,12.768,13.184,13.183,12.299,10.953,12.027,10.827,10.767,8.995,7.585,6.708,4.659,4.556,3.701,2.916,2.709,1.767,1.287,1.062,0.701,0.585,0.334,0.188,0.153,0.097,0.059,0.04,0.02,0,0.041,0,0,0,0,0
2026-08-30 13:43:00,1,"Normal Scan","Normal Scan",0,"ON",1,1,1,736.8,5,19.7,97,48.8,0.0000000692882,0.0000181665,4.97,8954.6,8.8,736.5,1,"Up Scan","Positive",254,0,4.37,1.6,8,8,0,1,1,13.168,20.279,16.035,9.647,1.765,11830.9,45,20.7,NA,0,0,0,0,0,0,0,0,0,0,0,0,0,0,0,0,0,0,0,0,0,0,0,0,0,0,0,0,0,0,0,57728.288,45279.36,35923.936,30226.528,24851.008,21373.728,17629.92,14447.552,12439.552,11914.496,11879.2,11796.032,10653.152,9155.744,8159.936,6928.352,5727.264,5026.176,4234.624,3631.84,3276.736,2828.992,2633.824,2417.856,2207.296,1908.416,1548.928,1334.016,1161.12,1066.784,994.592,928.736,851.552,784.768,686.752,672.512,610.176,596.224,506.912,480.928,383.68,342.56,255.744,264.192,206.656,176.224,149.12,117.696,49.6,44.864,37.536,25.408,14.528,4.416,6.08,3.136,1.632,0,3.52,0,0,0,0,0,0,0,0,0,0,0,0,0,0,0,0,0,0,0,0,0,0,0,0,0,0,0,0,0,0,0,0,0,0,0,0,19.369,23.204,26.307,28.424,31.13,32.3,34.246,33.881,32.79,32.824,35.984,40.569,45.136,45.38,43.046,42.139,39.151,35.296,33.657,30.741,28.51,27.593,25.384,25.186,24.573,23.859,21.955,19.196,17.652,16.229,15.801,15.492,15.297,14.363,13.728,12.487,12.194,10.94,10.854,9.198,8.525,6.964,5.852,4.225,4.299,3.276,2.714,2.212,1.747,0.735,0.627,0.533,0.352,0.226,0.057,0.077,0.039,0.02,0,0.041,0,0.033,0,0,0,0
2026-08-30 13:48:00,1,"Normal Scan","Normal Scan",0,"ON",1,1,1,736.7,5,19.6,97,48.9,0.0000000692581,0.0000181617,4.97,8954.6,8.8,736.5,1,"Up Scan","Positive",254,0,4.37,1.6,8,8,0,1,1,13.4,20.928,16.299,9.647,1.794,10730.8,45,20.7,NA,0,0,0,0,0,0,0,0,0,0,0,0,0,0,0,0,0,0,0,0,0,0,0,0,0,0,0,0,0,0,0,49131.776,39244.384,32687.104,26227.744,23268.192,20153.856,17784.608,14140.576,12124.544,11227.84,10958.688,10450.08,9764.864,8831.36,7242.24,5952.64,4736.416,3632.608,3218.592,2816.448,2534.528,2719.808,2619.616,2390.24,2197.12,1866.592,1508.256,1443.936,1318.88,1271.136,1198.656,1127.424,1024.288,888.384,749.152,662.144,626.208,574.624,564.256,431.84,334.048,336.448,243.488,244.768,235.84,182.528,166.944,98.944,73.6,50.272,40.448,8.64,17.056,17.6,10.688,3.136,3.232,1.696,1.76,1.792,0,0,0,0,0,0,0,0,0,0,0,0,0,0,0,0,0,0,0,0,0,0,0,0,0,0,0,0,0,0,0,0,0,0,0,17.78,19.794,22.784,25.85,27.087,30.237,32.286,34.167,32.056,31.95,33.86,37.391,39.963,41.467,41.428,37.316,33.587,29.28,24.624,23.633,22.446,21.635,24.51,25.245,24.533,24.073,21.998,19.24,19.087,18.484,18.412,17.948,17.754,16.823,15.028,13.041,12.019,11.209,10.429,10.189,7.988,6.23,5.724,4.299,4.001,3.629,2.837,2.561,1.514,1.08,0.701,0.566,0.148,0.226,0.229,0.136,0.039,0.04,0.02,0.02,0.021,0,0,0,0,0
2026-08-30 13:53:00,1,"Normal Scan","Normal Scan",0,"ON",1,1,1,736.7,5,19.6,97,49,0.0000000692581,0.0000181617,4.97,8954.6,8.8,736.5,1,"Up Scan","Positive",254,0,4.37,1.6,8,8,0,1,1,13.196,19.407,15.77,9.647,1.71,13294.5,45,20.7,NA,0,0,0,0,0,0,0,0,0,0,0,0,0,0,0,0,0,0,0,0,0,0,0,0,0,0,0,0,0,0,0,65411.392,50995.968,40233.536,33312.704,27063.456,22475.264,19140.48,17006.688,15930.848,14752.224,14517.44,13779.136,12957.44,12172.864,10509.632,9106.912,6984,5366.72,4288.96,3326.976,2863.616,2426.24,2104.48,1813.92,1786.048,1446.368,1231.2,1099.52,1135.2,1148.032,1079.552,1087.328,1033.76,836.032,707.84,675.616,572.864,480.192,406.176,406.56,310.08,254.24,212.224,235.424,204.192,145.088,120.32,106.816,52.704,25.632,37.888,8.256,15.36,9.376,7.584,0,4.896,1.696,0,0,0,0,0,0,0,0,0,0,0,0,0,0,0,0,0,0,0,0,0,0,0,0,0,0,0,0,0,0,0,0,0,0,0,0,0,20.428,26.34,29.568,31.804,34.366,35.146,35.992,36.826,38.626,42.011,44.555,49.634,52.74,55.124,57.145,54.023,51.118,42.648,35.604,30.804,25.969,23.904,21.752,20.251,18.87,19.79,17.395,16.09,15.279,16.04,16.811,16.28,16.766,16.178,14.033,12.198,11.61,10.043,9.05,7.548,7.155,5.675,4.433,3.513,3.875,3.084,2.279,1.832,1.566,0.779,0.378,0.53,0.111,0.219,0.122,0.097,0,0.06,0.02,0,0,0.017,0,0,0,0
2026-08-30 13:58:00,1,"Normal Scan","Normal Scan",0,"ON",1,1,1,736.7,5,19.6,97,49,0.0000000692581,0.0000181617,4.97,8954.6,8.8,736.5,1,"Up Scan","Positive",254,0,4.37,1.6,8,8,0,1,1,14.058,20.337,16.496,9.647,1.723,13089.1,44,20.7,NA,0,0,0,0,0,0,0,0,0,0,0,0,0,0,0,0,0,0,0,0,0,0,0,0,0,0,0,0,0,0,0,50713.408,44078.688,37040.352,32059.68,28524.64,23695.616,20829.504,18629.056,16700.192,16192.256,15223.808,15050.976,14288.8,13611.616,11875.072,10086.912,8228.384,6301.696,4804.928,3655.808,2883.936,2286.656,2013.952,1664.32,1572.48,1407.104,1299.264,1262.208,1320.576,1411.648,1460.16,1330.72,1082.4,964.064,800.896,697.056,607.456,530.88,501.92,395.328,345.952,268.224,239.68,230.24,181.856,134.624,102.72,91.328,45.952,21.376,22.976,31.808,12.832,14.752,9.184,1.568,9.824,1.664,1.728,0,0,0,0,0,0,0,0,0,0,0,0,0,0,0,0,0,0,0,0,0,0,0,0,0,0,0,0,0,0,0,0,0,0,0,0,15.021,20.551,25.708,29.343,33.009,37.067,37.922,40.033,42.237,44.013,48.911,52.099,57.678,60.864,63.855,61.074,56.579,50.102,41.623,34.326,28.27,24.067,20.695,19.615,17.819,18.215,17.673,17.257,17.377,18.684,20.109,21.205,20.076,17.353,15.796,13.642,11.942,10.633,9.643,8.758,6.945,6.091,4.653,3.856,3.634,2.979,2.13,1.636,1.375,0.682,0.368,0.329,0.427,0.169,0.191,0.116,0.02,0.119,0.02,0.02,0,0,0,0,0,0
2026-08-30 14:03:00,1,"Normal Scan","Normal Scan",0,"ON",1,1,1,736.7,5,19.5,97,48.9,0.0000000692279,0.0000181569,4.97,8954.6,8.8,736.5,1,"Up Scan","Positive",254,0,4.37,1.6,8,8,0,1,1,13.737,20.97,16.549,9.647,1.778,13344.9,45,20.6,NA,0,0,0,0,0,0,0,0,0,0,0,0,0,0,0,0,0,0,0,0,0,0,0,0,0,0,0,0,0,0,0,54033.376,45383.968,40558.592,32614.24,30864.096,25452.672,21725.76,19253.92,16225.888,15219.264,13720.704,12747.104,12360.192,11352.576,10586.88,9067.904,7322.272,5487.168,4423.52,3525.888,2856.032,2800.992,2491.84,2252.128,2272.896,2080.768,1944.096,1866.432,1957.248,1986.688,1915.424,1688.768,1547.776,1269.888,968.352,795.936,765.056,664.576,521.952,444.704,423.168,325.312,254.496,214.912,200.672,157.472,122.912,84.608,63.168,54.048,40.8,24.736,14.56,5.92,10.72,3.136,8.16,5.088,3.488,1.792,0,0,0,0,0,0,0,0,0,0,0,0,0,0,0,0,0,0,0,0,0,0,0,0,0,0,0,0,0,0,0,0,0,0,0,15.413,21.821,26.471,32.131,33.579,40.106,40.751,41.725,43.661,42.749,45.941,46.882,48.875,52.59,53.28,54.488,50.945,44.847,36.574,31.998,27.757,24.419,25.676,24.703,24.266,26.182,25.556,25.262,25.282,26.941,27.65,27.606,25.394,23.707,20.139,16.337,13.813,13.065,11.422,9.442,7.868,7.292,5.512,4.396,3.604,3.232,2.476,1.867,1.325,0.936,0.827,0.605,0.35,0.207,0.076,0.136,0.039,0.099,0.06,0.041,0.021,0.017,0,0,0,0
2026-08-30 14:08:00,1,"Normal Scan","Normal Scan",0,"ON",1,1,1,737.3,5,20.4,97,48.5,0.0000000694992,0.0000182001,4.97,8954.6,8.8,736.5,1,"Up Scan","Positive",254,0,4.37,1.6,8,8,0,1,1,14.19,20.76,16.699,9.647,1.741,14273.4,45,20.9,NA,0,0,0,0,0,0,0,0,0,0,0,0,0,0,0,0,0,0,0,0,0,0,0,0,0,0,0,0,0,0,0,48679.168,43360.544,40768.352,37076.704,33308.928,29642.176,26220.192,23281.376,20352,18193.312,16359.424,14344.8,13244.768,12445.408,11572,10136.672,8114.976,6279.072,4533.056,3705.888,3155.328,2926.592,2703.936,2486.464,2167.872,1951.168,1829.344,1812.32,1837.856,1974.208,1773.312,1694.816,1478.272,1202.304,1008.096,922.336,784.608,661.632,514.72,415.904,358.496,305.76,247.744,210.56,192.16,149.92,101.28,91.648,45.184,37.536,30.048,21.664,5.696,11.808,9.184,4.736,3.296,0,1.76,0,0,0,0,0,0,0,0,0,0,0,0,0,0,0,0,0,0,0,0,0,0,0,0,0,0,0,0,0,0,0,0,0,0,0,0,13.482,19.668,25.216,32.288,38.187,43.213,47.4,50.296,52.634,53.46,54.826,55.814,54.886,56.352,58.341,59.482,56.888,49.626,41.763,32.825,29.03,26.693,26.595,26.518,26.348,24.981,24.088,23.857,24.636,25.395,27.691,26.061,25.416,22.655,19.211,16.517,15.346,13.203,11.327,9.074,7.305,6.373,5.072,4.058,3.438,3.047,2.255,1.557,1.409,0.672,0.539,0.42,0.297,0.075,0.153,0.116,0.059,0.04,0,0.02,0,0,0,0,0,0
2026-08-30 14:13:00,1,"Normal Scan","Normal Scan",0,"ON",1,1,1,737.5,5,20.7,96.9,48.8,0.0000000696615,0.0000182145,4.97,8954.6,8.8,736.5,1,"Up Scan","Positive",254,0,4.37,1.6,8,8,0,1,1,14.221,19.988,16.392,9.647,1.689,15983.7,44,21.1,NA,0,0,0,0,0,0,0,0,0,0,0,0,0,0,0,0,0,0,0,0,0,0,0,0,0,0,0,0,0,0,0,48982.304,47630.048,44812.704,43042.624,39290.272,36277.76,32285.152,28604.448,25037.952,22678.624,19622.112,16904.576,14974.624,13553.216,12381.952,10648.064,8235.328,6255.968,4351.392,3388.352,2669.44,2470.688,2232.256,2174.304,2100.736,1813.344,1706.528,1675.648,1695.04,1751.904,1809.952,1572.608,1442.368,1313.984,1041.888,875.104,793.664,643.264,470.976,407.904,359.328,321.28,239.936,191.424,176.288,179.968,109.344,80.608,64.256,44.256,36,22.08,9.984,10.336,6.112,4.736,3.264,0,0,0,0,0,0,0,0,0,0,0,0,0,0,0,0,0,0,0,0,0,0,0,0,0,0,0,0,0,0,0,0,0,0,0,0,0,0,12.717,19.843,27.824,35.44,44.424,50.964,57.993,61.916,64.67,65.775,68.172,66.785,64.53,63.618,63.426,63.513,59.53,50.152,41.391,31.396,26.602,22.702,22.643,22.028,23.205,24.076,22.603,22.45,22.992,23.994,25.03,26.3,23.728,22.161,20.521,16.963,14.842,13.326,10.932,8.477,7.463,6.249,5.367,4.116,3.169,2.796,2.719,1.666,1.209,0.943,0.629,0.493,0.296,0.132,0.134,0.077,0.059,0.04,0,0,0,0,0,0,0,0
2026-08-30 14:18:00,1,"Normal Scan","Normal Scan",0,"ON",1,1,1,737.1,5,20.2,96.9,48.4,0.0000000695106,0.0000181905,4.97,8954.6,8.8,736.5,1,"Up Scan","Positive",254,0,4.37,1.6,8,8,0,1,1,14.448,20.249,16.582,9.647,1.692,16032.5,44,21.1,NA,0,0,0,0,0,0,0,0,0,0,0,0,0,0,0,0,0,0,0,0,0,0,0,0,0,0,0,0,0,0,0,45176.992,44318.656,43432.256,42425.28,40548.608,37202.208,33765.792,30446.656,27038.816,23549.024,20007.712,17456.128,14981.248,13482.464,11936.672,10559.456,8564.064,6328.352,4721.472,3669.984,3084.608,2631.744,2354.752,2161.984,1984.384,1919.68,1598.336,1489.856,1525.6,1599.68,1747.616,1664.448,1648.704,1461.28,1277.568,1018.88,783.392,646.272,515.424,418.656,327.744,306.944,271.584,228.448,161.76,157.088,113.024,86.816,68.416,57.216,43.488,26.784,20.064,13.248,7.552,3.168,1.664,0,0,0,0,0,0,0,0,0,0,0,0,0,0,0,0,0,0,0,0,0,0,0,0,0,0,0,0,0,0,0,0,0,0,0,0,0,0,11.439,18.3,25.934,34.457,43.738,52.666,59.541,64.767,68.886,71.029,70.868,68.179,66.697,63.683,63.192,61.298,59.189,52.203,41.925,33.939,28.671,26.066,23.868,22.988,22.766,22.879,23.673,21.549,21.635,22.557,23.776,25.802,24.979,24.978,22.587,20.159,16.727,13.417,11.282,9.013,7.537,5.845,5.321,4.652,3.807,2.643,2.483,1.779,1.262,0.998,0.809,0.594,0.361,0.282,0.172,0.097,0.039,0.02,0,0,0,0.015,0,0,0,0
2026-08-30 14:23:00,1,"Normal Scan","Normal Scan",0,"ON",1,1,1,736.9,5,19.9,96.9,48.1,0.0000000694201,0.0000181761,4.97,8954.6,8.8,736.5,1,"Up Scan","Positive",254,0,4.37,1.6,8,8,0,1,1,14.838,20.719,16.909,11.14,1.699,15117.1,44,21,NA,0,0,0,0,0,0,0,0,0,0,0,0,0,0,0,0,0,0,0,0,0,0,0,0,0,0,0,0,0,0,0,37833.76,38049.472,38992.96,38221.632,37646.752,35467.232,33587.2,30104.384,27047.616,24142.624,20604.352,18207.552,15281.376,13358.016,11363.424,9469.28,7389.888,5450.368,4433.472,3371.776,2847.616,2695.008,2385.536,2165.632,2156.032,1954.304,1776.64,1504.16,1488.256,1512.992,1578.56,1693.312,1676.992,1513.056,1352.576,1100.16,839.808,708.448,511.648,430.912,356.608,303.264,231.104,183.264,173.568,154.656,114.016,84.736,66.08,53.664,24.672,24.64,21.472,14.784,10.624,6.336,8.16,1.696,0,0,0,0,0,0,0,0,0,0,0,0,0,0,0,0,0,0,0,0,0,0,0,0,0,0,0,0,0,0,0,0,0,0,0,0,0,9.881,15.349,22.283,31.01,39.472,48.934,56.795,64.479,68.189,71.042,72.572,70.177,69.443,64.849,62.574,58.343,53.088,45.171,36.259,32.004,26.524,24.277,24.439,23.315,22.761,24.257,23.98,23.596,21.807,22.39,23.087,23.961,25.498,25.386,23.417,21.19,17.843,13.93,11.848,9.061,7.702,6.226,5.273,3.96,3.069,2.82,2.481,1.827,1.273,0.99,0.791,0.349,0.331,0.282,0.191,0.136,0.078,0.099,0.02,0,0,0,0,0,0,0
2026-08-30 14:28:00,1,"Normal Scan","Normal Scan",0,"ON",1,1,1,736.7,5,19.7,96.9,47.9,0.0000000693597,0.0000181665,4.97,8954.6,8.8,736.5,1,"Up Scan","Positive",254,0,4.37,1.6,8,8,0,1,1,15.079,20,16.653,12.864,1.639,13576.7,44,21,NA,0,0,0,0,0,0,0,0,0,0,0,0,0,0,0,0,0,0,0,0,0,0,0,0,0,0,0,0,0,0,0,31510.56,32441.984,31552.288,32661.376,33435.648,33106.176,32558.016,30219.584,28187.008,24973.28,21668.512,17707.232,15190.176,12813.664,10351.808,7972.288,5793.696,4284.128,3129.76,2433.088,1998.976,1718.464,1489.76,1234.304,1139.072,1028.352,855.328,801.888,881.696,902.592,1078.944,1124.448,1117.632,1153.536,997.056,887.552,692.224,588.032,491.392,412.224,371.04,257.248,253.216,222.336,188.416,152.96,112.576,95.776,65.888,46.88,37.408,26.176,8.672,16.192,12.224,1.568,3.264,0,0,0,0,0,0,0,0,0,0,0,0,0,0,0,0,0,0,0,0,0,0,0,0,0,0,0,0,0,0,0,0,0,0,0,0,0,0,8.996,12.711,19.013,24.995,33.884,43.591,53.063,62.656,68.474,74.016,75.114,73.72,67.512,64.374,59.836,53.032,44.622,35.294,28.364,22.416,18.865,16.731,15.384,14.396,13.082,13.071,13.198,12.315,12.476,13.995,14.794,16.929,17.878,17.723,18.239,16.538,14.707,11.959,10.403,8.886,7.232,6.477,4.714,4.307,3.669,3.035,2.337,1.764,1.461,0.955,0.665,0.511,0.352,0.132,0.21,0.155,0.02,0.04,0,0,0,0.017,0,0,0,0
2026-08-30 14:33:00,1,"Normal Scan","Normal Scan",0,"ON",1,1,1,736.7,5,19.6,97,47.9,0.0000000692581,0.0000181617,4.97,8954.6,8.8,736.5,1,"Up Scan","Positive",254,0,4.37,1.6,8,8,0,1,1,14.862,22.254,17.093,12.864,1.781,7248.78,44,20.9,NA,0,0,0,0,0,0,0,0,0,0,0,0,0,0,0,0,0,0,0,0,0,0,0,0,0,0,0,0,0,0,0,17833.44,17573.568,16908.704,18380.256,18711.072,18049.216,17458.944,16145.952,14291.104,12625.056,10851.264,8876.416,7133.248,5187.872,4199.84,3089.952,2410.592,1820.352,1456.96,1224.672,1179.776,1055.04,882.528,868.256,724.992,662.08,581.664,579.488,644.864,630.304,680.896,885.248,916,1022.176,1029.632,909.728,800.8,640.64,622.144,458.336,339.136,273.184,267.36,248.992,161.12,170.304,134.208,102.976,90.752,43.008,48.128,26.496,19.936,10.304,12.256,6.336,1.664,0,1.76,0,0,0,0,0,0,0,0,0,0,0,0,0,0,0,0,0,0,0,0,0,0,0,0,0,0,0,0,0,0,0,0,0,0,0,0,4.712,7.208,10.335,13.435,19.023,24.444,28.979,33.554,36.587,37.551,37.908,36.884,33.79,30.205,24.248,21.541,17.382,14.789,12.173,10.571,9.617,9.912,9.536,8.675,9.178,8.455,8.655,8.808,9.58,11.223,11.472,12.525,14.932,15.612,17.105,16.812,15.031,13.736,11.38,10.587,8.3,6.163,5.039,4.46,4.19,2.679,2.677,2.022,1.584,1.327,0.611,0.658,0.371,0.264,0.134,0.155,0.079,0.02,0,0.02,0,0,0,0,0,0
2026-08-30 14:38:00,1,"Normal Scan","Normal Scan",0,"ON",1,1,1,736.7,5,19.5,97,48.1,0.0000000692279,0.0000181569,4.97,8954.6,8.8,736.5,1,"Up Scan","Positive",254,0,4.37,1.6,8,8,0,1,1,15.19,24.095,17.821,13.824,1.862,5916.77,44,20.8,NA,0,0,0,0,0,0,0,0,0,0,0,0,0,0,0,0,0,0,0,0,0,0,0,0,0,0,0,0,0,0,0,13080.224,14368.416,13574.304,13858.848,14354.592,14621.568,13600.736,13152.064,11989.568,10236.384,8797.984,7454.272,5886.976,4616.512,3419.872,2680.192,1973.024,1656,1253.248,1234.848,1022.592,978.176,869.568,787.36,629.952,514.88,562.72,501.12,504.64,678.592,765.952,909.344,991.936,1130.688,1029.344,913.76,835.968,653.184,630.912,503.776,413.76,310.432,272.16,269.824,172.544,164.96,137.984,94.592,78.112,60.96,36.224,41.408,20.096,19.168,9.056,9.536,0,0,1.728,0,0,0,0,0,0,0,0,0,0,0,0,0,0,0,0,0,0,0,0,0,0,0,0,0,0,0,0,0,0,0,0,0,0,0,0,3.491,5.328,8.433,10.814,14.417,18.735,23.462,26.212,29.846,31.523,30.763,29.897,28.376,24.939,21.583,17.603,15.075,12.16,11.075,9.135,9.622,8.57,8.85,8.4,8.379,7.568,7.377,8.615,8.938,9.898,12.101,13.558,15.407,16.851,18.632,17.281,15.346,14.268,11.604,11.041,8.837,7.21,5.489,4.7,4.453,2.95,2.594,2.213,1.389,1.168,0.845,0.512,0.557,0.264,0.248,0.116,0.118,0,0,0.02,0,0,0,0,0,0
2026-08-30 14:43:00,1,"Normal Scan","Normal Scan",0,"ON",1,1,1,736.6,5,19.5,96.9,48.4,0.0000000692994,0.0000181569,4.97,8954.6,8.8,736.5,1,"Up Scan","Positive",254,0,4.37,1.6,8,8,0,1,1,15.375,24.881,18.158,13.824,1.893,5118.65,45,20.8,NA,0,0,0,0,0,0,0,0,0,0,0,0,0,0,0,0,0,0,0,0,0,0,0,0,0,0,0,0,0,0,0,11991.328,11505.248,11224.864,11720.032,11683.712,12086.976,12068.64,10918.016,10546.336,9154.368,7833.792,6464.96,5258.528,3921.376,3174.272,2364,1786.976,1397.824,1185.6,1124.608,965.696,932.064,808.992,744.576,677.568,618.72,541.184,483.616,514.112,521.376,604.352,673.024,842.464,955.68,918.688,918.976,861.024,737.536,635.168,447.136,355.52,311.296,228.128,232.8,192.64,167.392,121.248,118.624,84.832,64,32.096,19.52,21.312,14.72,7.616,4.736,1.632,3.36,0,1.792,0,0,0,0,0,0,0,0,0,0,0,0,0,0,0,0,0,0,0,0,0,0,0,0,0,0,0,0,0,0,0,0,0,0,0,3.455,4.854,6.737,8.934,12.138,15.263,19.326,23.231,24.768,27.663,27.486,26.644,24.628,22.282,18.332,16.315,13.327,11.021,9.395,8.639,8.837,8.175,8.399,7.887,7.849,7.845,7.944,7.96,8.329,9.421,10.103,11.563,12.577,15.053,15.914,15.409,15.437,14.278,12.803,10.935,8.063,6.422,5.521,4.101,3.88,3.027,2.666,1.884,1.76,1.221,0.932,0.439,0.278,0.282,0.191,0.097,0.059,0.02,0.04,0,0.021,0,0,0,0,0
2026-08-30 14:48:00,1,"Normal Scan","Normal Scan",0,"ON",1,1,1,736.9,5,19.9,96.9,48.6,0.0000000694201,0.0000181761,4.97,8954.6,8.8,736.5,1,"Up Scan","Positive",254,0,4.37,1.6,8,8,0,1,1,16.034,23.371,18.013,15.963,1.785,7054.88,46,20.9,NA,0,0,0,0,0,0,0,0,0,0,0,0,0,0,0,0,0,0,0,0,0,0,0,0,0,0,0,0,0,0,0,15053.312,13311.488,13427.808,14180.896,14338.432,16208.576,16568.864,18020,17087.872,15614.464,13411.712,11019.52,8333.728,5736,4091.424,2910.208,2152.256,1850.176,1670.24,1494.176,1413.6,1278.752,1196.704,1029.184,991.456,840.928,731.808,708.512,564.064,625.568,687.488,803.072,851.264,940.544,964.352,895.104,779.808,733.952,620.352,494.176,419.488,369.216,302.272,235.328,178.56,138.432,118.272,96.992,74.784,43.872,47.52,35.136,23.04,8.832,9.152,6.368,4.864,3.392,3.52,5.408,0,0,0,0,0,0,0,0,0,0,0,0,0,0,0,0,0,0,0,0,0,0,0,0,0,0,0,0,0,0,0,0,0,0,0,3.922,6.1,7.82,10.668,14.756,18.675,26.072,31.92,40.885,44.871,46.896,45.492,41.852,35.232,26.78,21.029,16.43,13.33,12.475,12.147,11.789,11.908,11.549,11.584,10.632,11.072,10.433,10.23,10.861,10.069,11.291,12.447,14.315,14.976,16.164,16.272,15.415,13.565,12.562,10.723,8.487,7.354,6.256,5.036,3.958,3.053,2.25,1.831,1.471,1.14,0.629,0.694,0.519,0.32,0.115,0.116,0.078,0.06,0.04,0.041,0.062,0,0,0,0,0
2026-08-30 14:53:00,1,"Normal Scan","Normal Scan",0,"ON",1,1,1,737.1,5,20.2,96.9,49.3,0.0000000695106,0.0000181905,4.97,8954.6,8.8,736.5,1,"Up Scan","Positive",254,0,4.37,1.6,8,8,0,1,1,16.3,22.726,17.956,17.154,1.736,7867.63,46,21,NA,0,0,0,0,0,0,0,0,0,0,0,0,0,0,0,0,0,0,0,0,0,0,0,0,0,0,0,0,0,0,0,15653.504,14299.296,15164.352,14600.832,15720.16,17170.496,18291.392,19334.656,19512.768,18154.336,16282.496,13236.96,10132.48,7584.16,5362.56,3955.296,3033.888,2382.944,1801.12,1530.464,1419.296,1288.576,1176.672,1110.88,974.528,774.688,611.968,605.664,567.072,490.304,618.144,716.512,813.92,848.864,908.768,892.64,781.056,787.904,622.304,515.232,391.904,335.168,284.48,204.096,185.088,138.72,137.248,94.944,86.432,41.024,34.368,40.768,14.272,16.192,10.72,7.904,4.896,5.056,1.76,0,0,0,0,0,0,0,0,0,0,0,0,0,0,0,0,0,0,0,0,0,0,0,0,0,0,0,0,0,0,0,0,0,0,0,0,4.35,6.335,8.39,12.029,15.114,20.521,27.598,35.274,43.858,51.262,54.518,55.223,50.297,42.845,35.369,27.475,22.22,18.604,15.904,13.119,12.042,11.9,11.501,11.287,11.34,10.734,9.604,8.719,9.524,9.905,9.654,11.605,13.285,14.571,14.838,15.454,15.125,13.494,13.155,10.796,8.748,7.07,5.795,4.86,3.387,3.154,2.214,2.122,1.461,1.273,0.632,0.481,0.565,0.188,0.21,0.135,0.098,0.06,0.06,0.02,0,0,0,0,0,0
2026-08-30 14:58:00,1,"Normal Scan","Normal Scan",0,"ON",1,1,1,737,5,19.9,97,49.7,0.0000000693485,0.0000181761,4.97,8954.6,8.8,736.5,1,"Up Scan","Positive",254,0,4.37,1.6,8,8,0,1,1,16.253,23.052,18.068,17.154,1.763,7587.52,47,20.9,NA,0,0,0,0,0,0,0,0,0,0,0,0,0,0,0,0,0,0,0,0,0,0,0,0,0,0,0,0,0,0,0,16723.904,14490.176,14555.552,14163.936,14783.264,16163.968,17212.032,18124.256,18257.856,16845.824,15049.248,12337.952,9332.16,6859.712,4915.2,3794.048,2963.424,2462.528,2077.728,1791.328,1694.336,1412.384,1303.936,1179.264,1018.016,866.56,762.048,634.24,593.92,657.376,670.272,834.112,911.296,967.008,983.68,916.672,833.792,715.392,601.856,439.424,361.92,293.952,240.672,216.832,167.136,154.752,128.64,102.016,75.84,54.752,36.576,22.24,17.12,4.448,10.656,3.168,3.264,2.08,4.864,0,0,0,0,0,0,0,0,0,0,0,0,0,0,0,0,0,0,0,0,0,0,0,0,0,0,0,0,0,0,0,0,0,0,0,0,4.734,6.759,8.458,11.563,14.652,19.299,26.01,33.239,41.124,47.966,50.607,51.095,46.914,39.471,32.051,25.3,21.412,18.248,16.478,15.095,14.021,14.174,12.714,12.469,12.122,11.357,10.76,10.653,10.187,10.407,11.791,12.453,14.504,15.588,16.124,16.232,15.215,14.013,12.25,10.173,7.971,6.423,5.285,4.048,3.727,2.675,2.404,1.947,1.549,1.097,0.773,0.548,0.315,0.226,0.057,0.136,0.039,0.04,0.024,0.057,0,0,0,0,0,0
2026-08-30 15:03:00,1,"Normal Scan","Normal Scan",0,"ON",1,1,1,736.7,5,19.6,96.9,50,0.0000000693295,0.0000181617,4.97,8954.6,8.8,736.5,1,"Up Scan","Positive",254,0,4.37,1.6,8,8,0,1,1,15.772,22.839,17.785,9.647,1.786,7761.57,47,20.8,NA,0,0,0,0,0,0,0,0,0,0,0,0,0,0,0,0,0,0,0,0,0,0,0,0,0,0,0,0,0,0,0,21987.552,18018.176,16305.44,15617.088,15470.592,15584.256,16139.872,16030.784,15798.912,15005.088,13528.128,11231.616,8908.288,7002.528,5212.224,3892,3277.44,2858.72,2764.864,2349.12,2151.136,1890.304,1689.44,1302.24,1179.744,903.008,763.008,713.504,563.072,590.688,722.752,740.416,846.816,917.248,910.08,839.968,874.592,784.448,630.816,494.272,402.56,320.768,259.264,195.36,161.92,131.264,101.152,81.504,55.008,58.464,40.288,18.208,17.056,14.72,7.616,4.736,4.864,1.696,0,3.584,0,0,0,0,0,0,0,0,0,0,0,0,0,0,0,0,0,0,0,0,0,0,0,0,0,0,0,0,0,0,0,0,0,0,0,5.991,8.763,10.493,12.966,16.151,20.129,25.017,31.093,36.412,41.522,45.1,45.985,42.777,37.75,32.825,26.903,22.047,20.259,19.214,19.923,18.264,17.838,16.736,15.975,13.175,13.001,11.036,10.366,10.915,9.992,10.777,13.105,13.669,14.975,15.703,15.382,14.314,14.555,12.993,10.587,8.499,6.825,5.447,4.506,3.275,2.621,2.086,1.6,1.242,0.831,0.827,0.566,0.278,0.226,0.191,0.097,0.059,0.06,0.02,0,0.041,0,0,0,0,0
2026-08-30 15:08:00,1,"Normal Scan","Normal Scan",0,"ON",1,1,1,737,5,20,96.9,50.1,0.0000000694502,0.0000181809,4.97,8954.6,8.8,736.5,1,"Up Scan","Positive",254,0,4.37,1.6,8,8,0,1,1,15.795,23.123,18.012,9.647,1.804,8811.38,48,20.9,NA,0,0,0,0,0,0,0,0,0,0,0,0,0,0,0,0,0,0,0,0,0,0,0,0,0,0,0,0,0,0,0,25982.112,21562.56,19563.68,16752.32,16757.344,17066.208,17456.384,17425.536,16862.112,15272.896,13496.16,11681.184,9880.192,7474.528,6602.976,5410.848,4842.72,4120.8,3750.752,3480.832,2940.672,2475.648,2231.36,1794.144,1549.76,1337.824,1078.432,863.936,878.368,823.584,828.768,836.16,1006.464,966.976,965.504,980.064,913.92,834.144,662.528,537.408,451.84,355.872,284.32,216.032,162.592,145.248,100.896,99.584,59.36,54.592,24.192,22.144,14.432,2.976,9.12,6.336,1.632,3.36,1.728,0,0,0,0,0,0,0,0,0,0,0,0,0,0,0,0,0,0,0,0,0,0,0,0,0,0,0,0,0,0,0,0,0,0,0,0,8.699,10.519,12.549,15.575,17.312,21.798,27.346,33.668,39.512,44.327,45.871,45.931,44.56,41.967,35.166,34.151,30.676,29.879,27.595,27.051,26.931,24.467,21.967,21.046,18.277,16.95,15.838,14.114,12.956,13.896,14.064,14.546,15.241,17.308,16.61,16.496,16.496,15.28,13.847,11.115,9.111,7.593,6.051,4.707,3.537,2.617,2.273,1.523,1.473,0.907,0.791,0.347,0.297,0.207,0.038,0.116,0.078,0.02,0.04,0.02,0,0.016,0,0,0,0
2026-08-30 15:13:00,1,"Normal Scan","Normal Scan",0,"ON",1,1,1,737.1,5,20.2,96.9,51,0.0000000695106,0.0000181905,4.97,8954.6,8.8,736.5,1,"Up Scan","Positive",254,0,4.37,1.6,8,8,0,1,1,15.293,24.059,18.071,9.647,1.863,7787,48,21,NA,0,0,0,0,0,0,0,0,0,0,0,0,0,0,0,0,0,0,0,0,0,0,0,0,0,0,0,0,0,0,0,19829.664,17989.216,17144.928,18162.72,18402.72,18165.728,16720.896,15952.224,15003.104,12823.584,11588.768,9694.24,7502.048,5562.016,4482.368,3444.896,2812.608,2433.504,2275.392,2137.152,2122.592,1940.16,1916.544,1747.008,1586.912,1334.272,1173.824,1100.064,1046.912,984.48,1025.984,1102.336,1098.368,1254.816,1071.424,1048.864,1040,878.08,775.584,587.328,503.552,368.352,274.976,247.008,215.488,148.032,137.92,90.368,66.976,59.936,34.08,18.912,18.88,10.304,7.712,7.84,3.264,0,5.216,1.824,0,0,0,0,0,0,0,0,0,0,0,0,0,0,0,0,0,0,0,0,0,0,0,0,0,0,0,0,0,0,0,0,0,0,0,5.315,8.004,10.496,13.656,18.758,23.909,29.207,32.152,36.112,39.35,38.49,39.372,36.858,31.763,26.067,23.121,19.579,17.488,16.551,16.737,16.938,17.984,17.585,18.516,18.074,17.662,16.308,15.754,15.981,16.566,16.374,17.626,18.962,18.975,20.905,18.342,17.583,17.169,14.749,12.993,10.133,8.488,6.221,4.705,4.041,3.369,2.356,2.106,1.407,0.99,0.848,0.508,0.26,0.282,0.133,0.097,0.098,0.04,0,0.061,0.021,0.015,0,0,0,0
2026-08-30 15:18:00,1,"Normal Scan","Normal Scan",0,"ON",1,1,1,736.9,5,19.9,96.9,51.2,0.0000000694201,0.0000181761,4.97,8954.6,8.8,736.5,1,"Up Scan","Positive",254,0,4.37,1.6,8,8,0,1,1,16.106,24.591,18.784,14.855,1.84,7537.84,48,20.9,NA,0,0,0,0,0,0,0,0,0,0,0,0,0,0,0,0,0,0,0,0,0,0,0,0,0,0,0,0,0,0,0,15066.944,13927.84,14904.576,15815.424,16893.024,16938.912,17013.216,16568.384,15212.832,13685.76,11556.96,10068.928,8208.864,6746.432,5355.68,4640.832,3593.024,3155.04,2701.792,2629.216,2528.832,2309.248,1887.36,1695.36,1561.952,1407.136,1193.344,1093.632,928.064,909.344,902.816,1010.976,977.152,944.832,1020.672,1031.2,910.784,852.672,680.544,548.352,413.312,336.768,307.008,251.872,207.392,162.336,139.776,88.448,77.408,53.376,31.072,34.688,10.336,4.448,3.072,3.2,0,5.056,1.728,1.824,0,0,0,0,0,0,0,0,0,0,0,0,0,0,0,0,0,0,0,0,0,0,0,0,0,0,0,0,0,0,0,0,0,0,0,4.214,6.1,8.138,11.888,16.381,22.013,27.207,32.699,37.518,39.956,41.112,39.34,38.382,34.8,31.62,27.671,26.316,22.275,21.201,19.687,20.616,21.253,20.693,18.235,17.434,17.151,16.805,15.627,15.428,14.65,15.145,15.73,17.317,17.227,16.452,17.227,17.096,15.547,14.446,11.645,9.49,7.273,5.701,5.148,4.032,3.374,2.495,2.079,1.287,1.132,0.773,0.456,0.464,0.169,0.057,0.039,0.039,0,0.06,0.02,0.021,0.016,0,0,0,0
2026-08-30 15:23:00,1,"Normal Scan","Normal Scan",0,"ON",1,1,1,736.8,5,19.8,96.9,51.2,0.0000000693899,0.0000181713,4.97,8954.6,8.8,736.5,1,"Up Scan","Positive",254,0,4.37,1.6,8,8,0,1,1,16.156,24.281,18.574,14.855,1.823,7259.11,48,20.9,NA,0,0,0,0,0,0,0,0,0,0,0,0,0,0,0,0,0,0,0,0,0,0,0,0,0,0,0,0,0,0,0,14239.072,13866.464,13828.096,14511.52,15286.368,16539.776,17149.792,16509.632,15660.48,14204.96,12714.336,10585.088,8764.544,6596.672,5002.944,3642.848,2940.224,2575.104,2114.496,1918.784,1968.768,1873.28,1699.04,1563.328,1368.192,1211.872,1005.312,850.144,754.848,752.704,738.656,831.68,899.232,961.28,1015.456,1010.592,933.632,799.36,728.928,558.272,442.208,365.888,262.368,230.464,186.048,154.784,124.704,87.104,74.4,67.872,40.352,27.616,15.584,10.464,7.712,6.304,4.896,1.696,4.416,0.864,0,0,0,0,0,0,0,0,0,0,0,0,0,0,0,0,0,0,0,0,0,0,0,0,0,0,0,0,0,0,0,0,0,0,0,3.892,5.763,8.102,10.997,15.001,19.938,26.615,32.925,37.436,41.202,42.678,43.214,40.271,37.095,30.845,25.739,20.62,18.221,17.382,15.534,15.2,16.638,16.804,16.246,15.934,15.039,14.456,13.21,12.625,12.461,13.328,13.741,14.929,16.227,16.695,17.207,17.031,15.525,13.526,12.269,9.556,7.596,6.259,4.553,3.913,3.024,2.43,1.929,1.322,1.114,0.959,0.578,0.408,0.222,0.136,0.098,0.078,0.06,0.02,0.051,0.01,0.017,0,0,0,0
2026-08-30 15:28:00,1,"Normal Scan","Normal Scan",0,"ON",1,1,1,737.3,5,20.4,96.9,51.2,0.0000000695709,0.0000182001,4.97,8954.6,8.8,736.5,1,"Up Scan","Positive",254,0,4.37,1.6,8,8,0,1,1,16.843,25.037,19.225,15.963,1.828,7891.81,47,21.1,NA,0,0,0,0,0,0,0,0,0,0,0,0,0,0,0,0,0,0,0,0,0,0,0,0,0,0,0,0,0,0,0,14920.992,12755.52,13984.896,13810.56,15135.84,16109.312,17511.968,18092.384,17155.04,16352.8,14578.016,12710.336,10654.048,8368.928,6508.384,4970.272,3778.336,2749.344,2401.472,2299.392,2338.304,2185.44,2042.336,1945.792,1705.312,1484.128,1317.696,1176.288,975.84,924.192,890.528,941.184,980.96,1084.352,1102.464,1055.808,977.312,891.904,719.936,611.2,448.864,395.872,307.072,256.032,211.264,169.632,168.192,99.936,97.248,74.304,32.224,29.184,7.392,11.808,16.864,4.768,3.296,1.664,3.488,0,0,0,0,0,0,0,0,0,0,0,0,0,0,0,0,0,0,0,0,0,0,0,0,0,0,0,0,0,0,0,0,0,0,0,0,3.687,6.074,7.442,11.14,14.246,19.795,25.919,33.75,41.024,45.116,49.073,49.531,48.367,45.074,39.097,33.46,28.057,23.333,18.641,17.73,18.237,19.786,19.814,19.622,19.866,18.67,17.482,16.955,16.598,15.342,15.718,15.815,16.816,17.339,18.685,18.561,17.891,16.532,15.105,12.525,10.448,7.884,6.807,5.354,4.225,3.398,2.588,2.549,1.565,1.432,1.078,0.456,0.408,0.132,0.153,0.213,0.059,0.04,0.02,0.041,0,0.029,0,0,0,0
2026-08-30 15:33:00,1,"Normal Scan","Normal Scan",0,"ON",1,1,1,737.2,5,20.3,96.9,51.4,0.0000000695407,0.0000181953,4.97,8954.6,8.8,736.5,1,"Up Scan","Positive",254,0,4.37,1.6,8,8,0,1,1,17.252,24.568,19.249,15.963,1.786,8027.42,47,21.1,NA,0,0,0,0,0,0,0,0,0,0,0,0,0,0,0,0,0,0,0,0,0,0,0,0,0,0,0,0,0,0,0,13299.744,13277.184,13523.456,13579.936,13821.856,14984.064,17202.624,18465.952,18320.16,17801.664,16340.832,14552.416,11932.256,9537.76,7388.832,5483.712,3939.872,3036.96,2616.832,2354.016,2253.856,2102.016,1983.936,1834.528,1474.272,1311.968,1119.392,980.128,830.048,786.208,745.024,798.656,856.352,929.952,1094.592,1079.584,1003.168,817.664,726.4,602.08,429.952,338.688,324.864,207.392,212.192,137.44,118.976,80.512,75.776,52.352,28.8,15.232,27.456,14.72,6.08,1.568,4.928,1.696,5.248,3.616,0,0,0,0,0,0,0,0,0,0,0,0,0,0,0,0,0,0,0,0,0,0,0,0,0,0,0,0,0,0,0,0,0,0,0,4.12,5.353,7.765,10.741,14.068,18.053,24.064,33.116,41.93,48.173,53.558,55.543,55.371,50.507,44.572,37.922,30.831,24.285,20.475,19.17,18.512,18.952,18.88,18.915,18.576,16.107,15.417,14.481,13.928,13.463,14.062,14.197,14.595,15.624,16.413,18.36,17.778,16.826,13.618,12.445,9.95,7.363,5.8,5.417,3.43,3.286,2.306,1.856,1.227,1.114,0.773,0.42,0.259,0.395,0.191,0.077,0.02,0.06,0.02,0.061,0.041,0.03,0,0,0,0
2026-08-30 15:38:00,1,"Normal Scan","Normal Scan",0,"ON",1,1,1,737,5,20.1,96.9,51.3,0.0000000694804,0.0000181857,4.97,8954.6,8.8,736.5,1,"Up Scan","Positive",254,0,4.37,1.6,8,8,0,1,1,17.976,26.208,20.294,17.154,1.818,7843.6,47,21.1,NA,0,0,0,0,0,0,0,0,0,0,0,0,0,0,0,0,0,0,0,0,0,0,0,0,0,0,0,0,0,0,0,10535.232,9463.936,10794.688,11234.976,13000.448,15244.864,16902.112,17615.808,18301.76,17528.032,17203.84,15326.496,12798.432,10388.704,7759.968,5762.112,4307.392,3162.752,2700.096,2287.392,2064.768,2078.4,2042.752,1882.656,1816.128,1498.496,1418.976,1252.032,1156.64,1055.072,960.864,1090.496,1100.672,1246.848,1196.384,1177.184,1018.88,959.072,762.496,583.36,466.304,340.128,322.752,255.936,204.384,181.216,127.264,108.704,93.536,60.16,48.192,41.632,18.624,11.84,16.896,7.904,4.896,1.664,1.76,0,0,0,0,0,0,0,0,0,0,0,0,0,0,0,0,0,0,0,0,0,0,0,0,0,0,0,0,0,0,0,0,0,0,0,0,3.123,4.208,5.553,8.636,11.606,16.97,24.562,32.601,40.029,48.226,52.749,58.471,58.366,54.149,48.487,39.809,32.381,26.487,21.32,19.786,18.226,17.66,18.935,19.853,19.546,19.886,17.947,18.361,17.933,17.767,17.667,17.065,18.928,19.328,20.655,19.908,19.269,17.197,16.032,13.043,10.059,8.168,6,5.484,4.335,3.447,2.839,1.94,1.722,1.379,0.88,0.657,0.575,0.245,0.153,0.213,0.098,0.06,0.02,0.02,0,0,0,0,0,0
2026-08-30 15:43:00,1,"Normal Scan","Normal Scan",0,"ON",1,1,1,736.9,5,19.9,96.9,51.2,0.0000000694201,0.0000181761,4.97,8954.6,8.8,736.5,1,"Up Scan","Positive",254,0,4.37,1.6,8,8,0,1,1,18.54,25.802,20.427,17.154,1.785,9505.06,47,21,NA,0,0,0,0,0,0,0,0,0,0,0,0,0,0,0,0,0,0,0,0,0,0,0,0,0,0,0,0,0,0,0,14934.88,12549.984,12084.576,12897.824,14087.552,16317.728,18149.376,18967.936,20700.128,20283.232,19794.08,18601.792,16210.944,13985.568,11394.784,9299.488,7550.592,5867.552,4588.992,3778.784,3026.048,2829.952,2427.68,2244.16,1965.664,1792.224,1520.832,1315.104,1187.328,1043.36,977.28,1012.48,1134.592,1170.496,1160.288,1158.624,1075.872,1078.048,805.28,658.912,555.168,440.992,358.4,248.416,220.864,189.248,148.096,97.152,87.264,51.712,52.928,33.184,15.584,5.92,13.696,3.168,1.632,6.752,0,1.792,0,0,0,0,0,0,0,0,0,0,0,0,0,0,0,0,0,0,0,0,0,0,0,0,0,0,0,0,0,0,0,0,0,0,0,5.198,5.988,7.335,9.624,13.425,18.39,26.293,35.046,43.118,54.558,61.115,67.429,71.049,68.829,65.491,58.573,52.189,46.202,39.017,33.092,29.448,25.485,25.451,23.307,22.981,21.39,20.919,19.424,18.618,18.109,17.413,17.518,18.527,20.051,20.175,19.902,19.683,18.24,17.621,13.738,11.377,9.43,7.383,5.894,4.197,3.6,2.916,2.23,1.499,1.254,0.757,0.749,0.464,0.207,0.076,0.174,0.039,0.02,0.08,0,0.021,0,0,0,0,0
2026-08-30 15:48:00,1,"Normal Scan","Normal Scan",0,"ON",1,1,1,736.8,5,19.8,96.9,51.2,0.0000000693899,0.0000181713,4.97,8954.6,8.8,736.5,1,"Up Scan","Positive",254,0,4.37,1.6,8,8,0,1,1,18.089,25.34,19.969,17.154,1.777,8420.32,47,21,NA,0,0,0,0,0,0,0,0,0,0,0,0,0,0,0,0,0,0,0,0,0,0,0,0,0,0,0,0,0,0,0,13076.896,10890.368,10870.848,11739.136,13700.48,15035.424,16607.776,18651.296,19771.936,19725.408,18785.056,16351.136,14575.584,12000.928,9444.192,7113.728,5300.288,3918.112,2899.296,2454.688,2191.744,2055.84,1809.472,1672.416,1577.376,1473.312,1165.664,1056.192,944.288,882.624,893.504,957.824,1001.792,1111.488,1083.296,964.672,1094.144,946.176,781.792,577.632,494.016,401.696,281.248,236.384,207.552,173.568,117.952,95.136,75.2,50.496,43.488,36,25.76,23.712,4.608,6.304,14.752,3.392,3.488,1.792,0,0,0,0,0,0,0,0,0,0,0,0,0,0,0,0,0,0,0,0,0,0,0,0,0,0,0,0,0,0,0,0,0,0,0,3.749,5.29,6.313,8.642,12.154,17.904,24.279,32.109,42.414,52.077,59.42,63.966,62.344,61.714,56.041,48.423,39.917,32.443,26.105,21.038,19.343,18.601,18.51,17.481,17.243,17.392,17.399,15.295,15.393,15.065,15.042,15.889,17.469,17.803,19.049,18.327,16.707,17.932,15.643,13.316,9.924,8.374,6.844,4.849,3.945,3.447,2.815,1.939,1.431,1.155,0.773,0.657,0.501,0.339,0.306,0.058,0.078,0.179,0.04,0.041,0.021,0,0,0,0,0
2026-08-30 15:53:00,1,"Normal Scan","Normal Scan",0,"ON",1,1,1,736.7,5,19.6,96.9,51.3,0.0000000693295,0.0000181617,4.97,8954.6,8.8,736.5,1,"Up Scan","Positive",254,0,4.37,1.6,8,8,0,1,1,17.922,25.709,19.834,9.647,1.84,9652.14,47,20.9,NA,0,0,0,0,0,0,0,0,0,0,0,0,0,0,0,0,0,0,0,0,0,0,0,0,0,0,0,0,0,0,0,23647.328,17806.72,14623.488,12976.288,13000.384,15243.968,16163.936,18462.368,20575.296,20064.704,19507.2,18291.296,15836.448,13121.056,10230.176,7772.928,5760.32,4147.52,3419.968,2949.76,2746.176,2542.848,2658.112,2517.12,2400.736,2064.064,1794.016,1621.056,1387.264,1361.664,1247.104,1269.952,1267.456,1247.296,1322.336,1274.112,1155.392,1089.344,910.016,694.688,536.032,453.92,385.472,263.008,243.872,187.2,139.904,132.288,103.296,76.448,54.816,37.248,35.744,22.208,12.224,9.504,3.264,0,0,0,0,0,0,0,0,0,0,0,0,0,0,0,0,0,0,0,0,0,0,0,0,0,0,0,0,0,0,0,0,0,0,0,0,0,0,8.907,9.537,10.371,11.63,13.381,16.963,24.536,31.255,42.075,54.303,60.441,66.472,69.745,67.088,61.353,52.524,43.716,35.373,27.932,25.111,23.555,23.485,23.283,25.785,25.886,26.304,24.349,22.896,22.307,20.943,21.97,21.158,21.934,22.128,21.604,22.133,21.448,19.489,18.161,15.552,11.749,9.368,7.898,6.578,4.479,3.996,3.067,2.219,1.984,1.542,1.076,0.749,0.501,0.471,0.286,0.155,0.118,0.04,0,0,0,0,0,0,0,0
2026-08-30 15:58:00,1,"Normal Scan","Normal Scan",0,"ON",1,1,1,736.9,5,19.9,96.9,51.1,0.0000000694201,0.0000181761,4.97,8954.6,8.8,736.5,1,"Up Scan","Positive",254,0,4.37,1.6,8,8,0,1,1,17.597,25.062,19.449,9.647,1.824,11273.5,47,20.9,NA,0,0,0,0,0,0,0,0,0,0,0,0,0,0,0,0,0,0,0,0,0,0,0,0,0,0,0,0,0,0,0,27299.776,21925.6,19118.24,17025.248,17270.88,17917.024,20061.248,21416.32,21833.376,22717.792,22390.848,21159.68,18350.816,13875.232,10938.496,8249.312,6534.784,5420.704,4195.872,3563.232,3379.264,3106.4,3151.264,2833.536,2600.736,2226.432,2124.576,1760.448,1620.128,1494.368,1417.536,1386.592,1402.944,1385.152,1430.496,1301.824,1200.448,1076.864,902.24,712.128,584.8,459.2,376.224,331.424,242.816,268.096,163.296,123.2,119.328,98.24,54.368,46.656,30.176,22.208,25.92,15.808,1.632,1.664,5.216,3.616,0,0,0,0,0,0,0,0,0,0,0,0,0,0,0,0,0,0,0,0,0,0,0,0,0,0,0,0,0,0,0,0,0,0,0,9.423,10.991,12.739,15.189,17.618,22.589,28.89,38.76,48.679,57.515,68.411,76.195,80.64,77.755,64.855,56.15,46.459,40.185,36.403,30.647,28.268,28.686,28.357,30.355,29.167,28.521,26.363,26.779,24.4,24.039,23.607,23.521,23.602,23.986,23.531,23.973,22.018,20.305,18.335,15.679,12.67,10.081,8.068,6.639,5.58,4.1,4.194,2.631,1.991,1.799,1.384,0.785,0.649,0.414,0.286,0.329,0.196,0.02,0.02,0.061,0.041,0,0,0,0,0
2026-08-30 16:03:00,1,"Normal Scan","Normal Scan",0,"ON",1,1,1,737.1,5,20.2,96.9,51.6,0.0000000695106,0.0000181905,4.97,8954.6,8.8,736.5,1,"Up Scan","Positive",254,0,4.37,1.6,8,8,0,1,1,18.677,25.358,20.064,9.647,1.799,11645.5,47,21,NA,0,0,0,0,0,0,0,0,0,0,0,0,0,0,0,0,0,0,0,0,0,0,0,0,0,0,0,0,0,0,0,28845.056,20506.464,16778.304,14461.088,14677.088,16384.672,18048.448,19821.088,21877.856,22456.192,24003.776,23178.816,20889.216,18184.736,14364.768,11330.912,9233.728,7322.624,6033.28,5057.152,4263.04,3497.184,3013.12,2579.296,2444.16,2279.904,2057.376,1660.256,1535.616,1413.152,1411.552,1332.544,1334.4,1347.52,1295.84,1241.312,1133.632,1022.144,814.944,693.76,513.504,477.088,385.888,320.768,250.816,203.872,173.696,137.088,109.856,62.112,63.072,39.008,32.8,25.056,6.08,11.008,6.56,6.72,1.76,1.792,0,0,0,0,0,0,0,0,0,0,0,0,0,0,0,0,0,0,0,0,0,0,0,0,0,0,0,0,0,0,0,0,0,0,0,10.733,11.591,11.827,13.293,14.967,19.113,26.399,34.876,45.175,57.757,67.717,81.751,88.417,88.623,85.078,73.874,63.733,56.492,48.654,43.353,39.277,35.691,31.567,28.941,26.646,26.916,26.783,25.941,22.915,22.834,22.275,23.137,22.638,22.605,22.854,21.742,21.122,19.336,17.583,14.066,12.098,9.122,8.288,6.576,5.395,4.1,3.346,2.726,2.069,1.591,0.952,0.876,0.556,0.433,0.325,0.077,0.137,0.079,0.08,0.02,0.021,0,0,0,0,0
2026-08-30 16:08:00,1,"Normal Scan","Normal Scan",0,"ON",1,1,1,736.9,5,19.9,96.9,51.3,0.0000000694201,0.0000181761,4.97,8954.6,8.8,736.5,1,"Up Scan","Positive",254,0,4.37,1.6,8,8,0,1,1,17.912,25.081,19.493,9.647,1.832,11918,47,20.9,NA,0,0,0,0,0,0,0,0,0,0,0,0,0,0,0,0,0,0,0,0,0,0,0,0,0,0,0,0,0,0,0,34209.12,25656.416,20005.696,17506.656,15931.264,16678.528,18239.872,19255.168,21242.88,22072.288,22495.712,22032.736,19652.928,16625.888,14229.568,10949.728,8323.872,6513.024,5144.64,4171.36,3530.336,3220.8,3029.344,2839.808,2593.696,2252.8,2092.832,1876.48,1610.368,1575.424,1520.512,1436.608,1406.368,1435.424,1445.216,1392.32,1200.32,1185.952,936.352,787.616,577.216,520,418.368,322.176,298.464,221.952,199.584,142.432,105.44,94.336,49.952,51.2,13.344,20.608,16.736,9.504,3.232,1.696,1.728,3.616,0,0,0,0,0,0,0,0,0,0,0,0,0,0,0,0,0,0,0,0,0,0,0,0,0,0,0,0,0,0,0,0,0,0,0,12.028,13.818,14.881,15.775,18.051,20.794,26.828,35.215,43.92,56.029,66.633,76.764,84.049,83.369,77.784,73.076,61.463,50.955,43.401,37.264,32.763,29.876,29.362,29.3,29.259,28.689,26.714,26.625,25.63,24.196,24.895,24.909,24.577,24.391,24.64,24.253,23.569,20.611,20.008,16.224,13.528,10.3,8.857,7.187,5.361,4.938,3.413,3.096,2.162,1.605,1.327,0.697,0.703,0.227,0.267,0.213,0.118,0.04,0.02,0.02,0.041,0.033,0,0,0,0
2026-08-30 16:13:00,1,"Normal Scan","Normal Scan",0,"ON",1,1,1,737.3,5,20.5,96.9,51.1,0.0000000696011,0.0000182049,4.97,8954.6,8.8,736.5,1,"Up Scan","Positive",254,0,4.37,1.6,8,8,0,1,1,17.541,23.424,18.914,9.647,1.752,12460.9,47,21.1,NA,0,0,0,0,0,0,0,0,0,0,0,0,0,0,0,0,0,0,0,0,0,0,0,0,0,0,0,0,0,0,0,34553.568,25784.8,19997.216,17637.664,16661.408,18909.152,21291.712,24436.416,25281.472,25856.896,24557.408,22916.768,19613.952,16898.112,13197.696,10700.064,8325.792,6652.704,5379.328,4307.84,3794.336,3301.312,2723.104,2533.024,2234.72,2057.696,1833.024,1703.488,1371.104,1347.232,1312.032,1291.488,1297.408,1376.416,1190.688,1243.168,1147.616,880.928,717.76,539.84,380.544,299.552,218.528,225.088,173.76,120.32,117.92,122.912,53.568,63.008,38.496,23.296,27.104,13.216,3.072,4.704,4.864,0,3.52,0,0,0,0,0,0,0,0,0,0,0,0,0,0,0,0,0,0,0,0,0,0,0,0,0,0,0,0,0,0,0,0,0,0,0,0,12.101,13.805,14.936,15.806,18.235,21.748,30.459,41.13,55.524,66.575,77.798,83.605,87.376,83.097,78.992,67.818,60.106,50.971,44.168,38.759,33.569,31.764,29.744,26.354,26.054,24.717,24.227,23.439,23.412,20.62,21.25,21.692,21.344,21.436,22.072,19.237,19.777,18.26,14.711,11.982,9.11,6.727,5.231,3.964,3.682,2.808,2.019,1.818,1.804,0.795,0.89,0.536,0.334,0.357,0.172,0.039,0.059,0.06,0,0.041,0,0,0,0,0,0
2026-08-30 16:18:00,1,"Normal Scan","Normal Scan",0,"ON",1,1,1,737.1,5,20.2,96.9,51.3,0.0000000695106,0.0000181905,4.97,8954.6,8.8,736.5,1,"Up Scan","Positive",254,0,4.37,1.6,8,8,0,1,1,16.636,23.501,18.274,9.647,1.781,5900.48,47,21.1,NA,0,0,0,0,0,0,0,0,0,0,0,0,0,0,0,0,0,0,0,0,0,0,0,0,0,0,0,0,0,0,0,14453.472,11914.752,10545.088,10173.28,11072.224,10526.208,12059.328,12804.096,13846.24,14281.824,12537.376,10671.936,8074.336,5896.032,4217.792,2917.664,2017.408,1556.224,1454.88,1461.664,1319.2,1229.248,1007.84,1066.848,891.136,813.376,715.584,638.784,575.936,478.816,477.472,574.08,702.496,656.128,696.384,704,618.592,571.104,484.64,434.048,330.88,239.392,215.872,174.496,158.88,139.808,108.512,76.544,87.968,36.288,38.688,26.4,13.152,8.8,12.224,6.368,1.6,0,1.76,0,0,0,0,0,0,0,0,0,0,0,0,0,0,0,0,0,0,0,0,0,0,0,0,0,0,0,0,0,0,0,0,0,0,0,0,4.505,5.813,6.987,8.39,10.517,14.458,16.908,23.25,29.071,36.451,42.845,42.536,40.517,34.115,27.512,21.663,16.455,12.477,10.488,10.689,11.492,11.152,11.083,9.843,10.93,9.772,9.613,9.535,9.351,9.306,8.661,9.03,10.454,12.232,11.606,12.098,11.874,10.654,9.833,8.637,7.495,5.847,4.294,3.756,3.023,2.609,2.181,1.625,1.211,1.333,0.503,0.529,0.371,0.207,0.115,0.155,0.078,0.02,0,0.02,0,0.031,0,0,0,0
2026-08-30 16:23:00,1,"Normal Scan","Normal Scan",0,"ON",1,1,1,737,5,20,96.9,51,0.0000000694502,0.0000181809,4.97,8954.6,8.8,736.5,1,"Up Scan","Positive",254,0,4.37,1.6,8,8,0,1,1,16.383,24.86,18.545,9.647,1.86,4307.35,47,21.1,NA,0,0,0,0,0,0,0,0,0,0,0,0,0,0,0,0,0,0,0,0,0,0,0,0,0,0,0,0,0,0,0,10941.856,9156.832,8688.928,7829.28,7671.552,8120.928,8645.376,9281.696,9413.952,8997.184,8579.456,6920.96,5598.336,4343.296,3091.04,2160.96,1525.792,1096.768,1036.768,992.256,908.32,874.304,837.76,773.92,781.6,641.184,613.44,516.288,476.064,423.584,472.576,470.496,541.024,574.464,586.912,569.12,591.136,571.936,475.584,404.128,309.856,254.976,212.256,175.52,150.304,121.792,98.848,78.624,49.088,62.208,42.272,24.32,24.288,16.256,7.616,3.168,3.296,0,3.488,0,0,0,0,0,0,0,0,0,0,0,0,0,0,0,0,0,0,0,0,0,0,0,0,0,0,0,0,0,0,0,0,0,0,0,0,2.76,4.356,5.317,6.922,8.067,9.977,13.096,16.705,21.066,24.737,27.043,29.096,26.334,23.675,20.275,15.858,12.18,9.422,7.439,7.618,7.902,7.735,7.99,8.123,8.027,8.611,7.82,7.97,7.598,7.849,7.567,8.66,9.129,9.967,10.438,10.465,10.017,10.253,9.844,8.203,7.084,5.576,4.437,3.753,3.073,2.458,2.019,1.593,1.166,0.743,0.881,0.602,0.334,0.339,0.21,0.097,0.039,0.04,0,0.041,0,0.016,0,0,0,0
2026-08-30 16:28:00,1,"Normal Scan","Normal Scan",0,"ON",1,1,1,737.3,5,20.5,96.9,51.2,0.0000000696011,0.0000182049,4.97,8954.6,8.8,736.5,1,"Up Scan","Positive",254,0,4.37,1.6,8,8,0,1,1,16.732,25.39,18.953,9.647,1.879,4292.88,48,21.2,NA,0,0,0,0,0,0,0,0,0,0,0,0,0,0,0,0,0,0,0,0,0,0,0,0,0,0,0,0,0,0,0,11768.192,9561.248,8354.304,7650.208,7085.376,6986.496,7819.968,8243.008,8684.928,8555.296,7702.176,6952.224,5829.728,4438.272,3113.44,2323.744,2136.864,1963.392,1792.224,1638.24,1418.016,1157.344,1090.56,955.68,773.568,653.12,586.976,534.144,523.616,437.184,459.776,392.608,486.368,511.072,514.56,600.256,592.672,510.688,498.272,397.76,325.024,233.376,231.328,205.312,162.336,120.512,93.28,99.232,74.048,33.76,34.176,27.584,7.104,10.336,6.08,3.136,3.232,3.392,3.52,1.792,0,0,0,0,0,0,0,0,0,0,0,0,0,0,0,0,0,0,0,0,0,0,0,0,0,0,0,0,0,0,0,0,0,0,0,4.018,4.693,5.591,6.585,7.899,9.248,11.241,15.094,18.726,22.844,25.709,26.138,26.443,24.682,20.798,16.079,13.205,13.185,13.15,12.969,12.709,11.817,10.35,10.438,9.79,8.461,7.802,7.633,7.678,8.089,7.659,8.619,7.922,9.253,9.681,9.507,10.34,10.341,9.224,8.616,6.931,5.737,4.263,3.898,3.375,2.686,1.835,1.46,1.495,1.078,0.485,0.492,0.408,0.094,0.134,0.077,0.039,0.04,0.04,0.041,0.023,0,0,0,0,0
2026-08-30 16:33:00,1,"Normal Scan","Normal Scan",0,"ON",1,1,1,737,5,20.1,96.9,51.6,0.0000000694804,0.0000181857,4.97,8954.6,8.8,736.5,1,"Up Scan","Positive",254,0,4.37,1.6,8,8,0,1,1,16.828,26.067,19.136,9.647,1.895,3358.06,48,21.1,NA,0,0,0,0,0,0,0,0,0,0,0,0,0,0,0,0,0,0,0,0,0,0,0,0,0,0,0,0,0,0,0,7845.408,6685.696,6292.096,6310.624,5581.76,5953.792,6427.84,7049.248,7255.872,6954.304,6826.048,6023.84,4643.744,3392.832,2415.04,1841.984,1369.856,1100.576,960.832,946.4,845.632,757.632,698.976,679.52,574.912,539.648,478.592,427.648,425.6,363.488,350.272,367.232,359.328,399.488,468.48,494.272,496.384,478.368,454.432,354.048,250.56,245.632,222.944,176.864,146.88,142.72,118.144,59.264,57.088,46.304,28.608,27.52,10.016,13.216,4.608,12.576,1.6,0,1.728,0,0,0,0,0,0,0,0,0,0,0,0,0,0,0,0,0,0,0,0,0,0,0,0,0,0,0,0,0,0,0,0,0,0,0,0,2.439,3.162,3.91,4.994,6.531,7.258,9.563,12.383,15.974,19.106,20.905,23.205,22.885,19.646,15.858,12.426,10.4,8.442,7.421,7.035,7.432,7.155,6.876,6.815,7.024,6.386,6.433,6.214,6.121,6.63,6.515,6.863,7.218,7.431,7.924,8.384,8.923,8.998,8.415,8.017,6.451,4.572,4.213,3.825,2.974,2.437,2.181,1.82,0.939,0.866,0.642,0.408,0.369,0.132,0.172,0.058,0.157,0.02,0,0.02,0,0,0,0,0,0
2026-08-30 16:38:00,1,"Normal Scan","Normal Scan",0,"ON",1,1,1,737,5,20.1,96.9,51.4,0.0000000694804,0.0000181857,4.97,8954.6,8.8,736.5,1,"Up Scan","Positive",254,0,4.37,1.6,8,8,0,1,1,17.125,30.324,20.461,9.647,2.068,3247.38,48,21.1,NA,0,0,0,0,0,0,0,0,0,0,0,0,0,0,0,0,0,0,0,0,0,0,0,0,0,0,0,0,0,0,0,7223.008,6650.656,6295.168,5624.992,5578.912,5970.752,5754.336,5888.832,6489.536,6384.032,5832.096,5020.416,4238.816,3502.144,2450.176,1889.952,1413.088,1080.352,1000.768,945.984,929.728,817.952,750.336,691.2,654.72,627.616,481.312,496.832,477.568,487.488,492.896,534.112,568.256,556.512,614.336,674.784,651.296,571.456,563.52,456.864,425.536,405.248,329.728,270.496,239.616,172.48,182.656,130.432,87.776,69.472,79.392,54.784,27.424,30.976,26.016,12.672,17.984,13.472,5.216,1.792,0,0,0,0,0,0,0,0,0,0,0,0,0,0,0,0,0,0,0,0,0,0,0,0,0,0,0,0,0,0,0,0,0,0,0,2.313,2.901,3.895,5.009,5.806,7.286,9.604,11.113,13.383,17.077,19.203,19.816,19.093,17.959,16.348,12.618,10.686,8.736,7.31,7.325,7.5,7.885,7.412,7.366,7.217,7.495,7.603,6.831,7.422,7.841,8.683,9.441,10.136,10.861,10.872,11.689,12.646,12.178,10.799,10.277,8.66,7.884,7.132,5.769,4.976,4.143,2.909,2.977,2.105,1.415,1.132,1.168,0.758,0.397,0.401,0.329,0.157,0.218,0.161,0.061,0.021,0.032,0,0,0,0
2026-08-30 16:43:00,1,"Normal Scan","Normal Scan",0,"ON",1,1,1,737.3,5,20.4,96.9,52,0.0000000695709,0.0000182001,4.97,8954.6,8.8,736.5,1,"Up Scan","Positive",254,0,4.37,1.6,8,8,0,1,1,19.484,33.961,23.236,9.647,2.122,3889.08,49,21.1,NA,0,0,0,0,0,0,0,0,0,0,0,0,0,0,0,0,0,0,0,0,0,0,0,0,0,0,0,0,0,0,0,7902.72,6603.584,5789.344,5698.592,5393.536,5831.52,5345.76,5874.272,6139.136,6187.136,5743.84,5443.232,4782.08,4360.16,4552.64,4238.944,3519.264,2789.856,2230.816,2105.888,1936.288,1784.384,1659.744,1381.92,1265.024,1229.216,1071.392,1002.848,927.936,976.224,823.168,796.512,678.944,686.624,670.656,681.472,734.784,718.048,762.048,740.192,681.92,553.696,453.248,351.776,324.864,249.472,182.272,137.088,85.12,88.448,82.496,48.096,24.768,41.376,27.424,28.384,14.784,5.088,6.944,3.616,0,0,0,0,0,0,0,0,0,0,0,0,0,0,0,0,0,0,0,0,0,0,0,0,0,0,0,0,0,0,0,0,0,0,0,2.127,3.212,3.822,4.596,5.892,7.027,9.368,10.302,13.343,16.193,18.639,19.627,20.848,20.392,20.538,23.526,23.952,21.668,18.744,16.236,16.538,16.401,16.133,16.114,14.46,14.262,14.606,13.569,13.591,13.494,14.928,14.006,14.379,13.632,14.327,14.106,13.881,14.227,13.42,13.869,13.164,11.897,9.226,7.764,6.212,5.397,3.988,3.094,2.246,1.451,1.365,1.203,0.686,0.395,0.534,0.348,0.353,0.179,0.06,0.081,0.041,0.073,0,0,0,0
2026-08-30 16:48:00,1,"Normal Scan","Normal Scan",0,"ON",1,1,1,736.9,5,19.9,96.9,52.4,0.0000000694201,0.0000181761,4.97,8954.6,8.8,736.5,1,"Up Scan","Positive",254,0,4.37,1.6,8,8,0,1,1,25.742,39.502,28.915,22.876,2.084,8997.4,49,21,NA,0,0,0,0,0,0,0,0,0,0,0,0,0,0,0,0,0,0,0,0,0,0,0,0,0,0,0,0,0,0,0,9071.936,9055.168,8492.768,9015.424,8455.68,8366.272,9125.856,9906.816,10889.088,11756.928,11847.648,12128.832,12325.248,12097.152,11184,10600.352,10016.416,9165.568,8345.728,7905.152,7008.512,6751.136,6666.24,6553.6,6287.232,6050.688,5543.264,4950.336,4338.144,4130.976,3984.48,4245.664,3449.344,2756.192,1997.44,1719.104,1551.552,1389.856,1209.024,1260.768,1337.248,1173.504,868.64,701.888,509.632,424.64,276.128,227.936,167.68,152.32,134.656,80.576,51.072,77.792,45.856,20.544,25.024,28.256,6.944,10.752,0,0,0,0,0,0,0,0,0,0,0,0,0,0,0,0,0,0,0,0,0,0,0,0,0,0,0,0,0,0,0,0,0,0,0,2.875,3.648,5.28,6.749,9.323,11.048,13.516,17.658,22.596,28.821,35.621,40.683,46.715,52.786,57.238,58.28,60.403,62.296,62.107,61.53,63.104,60.727,62.608,65.585,68.471,69.723,71.889,70.103,65.151,59.064,57.838,57.823,63.019,53.499,45.585,36.852,32.986,29.061,25.85,22.187,22.28,22.301,19.578,14.7,11.991,8.496,6.881,4.819,3.729,2.651,2.335,2.048,1.187,0.759,1.006,0.581,0.255,0.304,0.335,0.081,0.123,0.082,0,0,0,0
2026-08-30 16:53:00,1,"Normal Scan","Normal Scan",0,"ON",1,1,1,737,5,20.1,96.9,52.2,0.0000000694804,0.0000181857,4.97,8954.6,8.8,736.5,1,"Up Scan","Positive",254,0,4.37,1.6,8,8,0,1,1,22.972,32.461,25.268,22.876,1.895,12187,50,21,NA,0,0,0,0,0,0,0,0,0,0,0,0,0,0,0,0,0,0,0,0,0,0,0,0,0,0,0,0,0,0,0,12479.872,10550.912,11392.064,11418.944,12878.496,13509.92,13831.04,15452.128,17469.696,20135.808,21478.144,22209.76,22551.2,21834.304,19676.576,16613.6,14143.424,12576.96,11104.352,10036.352,8630.496,7663.264,6908.384,5577.536,4809.28,4322.784,3938.528,3764.96,3781.312,3663.936,3118.592,2895.328,2856.48,2706.368,2407.2,2035.968,1725.696,1481.312,1248.96,1023.488,856.736,679.008,629.088,445.728,350.944,345.44,220.992,153.696,105.664,84.16,61.664,38.816,32.192,26.016,19.808,12.672,13.088,1.696,0,3.616,0,0,0,0,0,0,0,0,0,0,0,0,0,0,0,0,0,0,0,0,0,0,0,0,0,0,0,0,0,0,0,0,0,0,0,3.716,4.979,6.123,9.056,11.842,16.834,21.744,26.806,35.305,46.322,61.005,73.583,85.167,96.222,102.812,101.737,94.057,87.247,84.309,80.169,77.958,72.11,68.73,66.552,58.397,54.086,51.719,50.235,50.913,53.342,53.301,47.413,45.331,45.297,43.471,39.363,33.918,29.496,25.131,21.322,17.742,14.483,11.389,10.118,7.387,5.587,5.405,3.434,2.366,1.644,1.253,0.845,0.554,0.46,0.338,0.252,0.157,0.159,0.02,0,0.041,0.032,0,0,0,0
2026-08-30 16:58:00,1,"Normal Scan","Normal Scan",0,"ON",1,1,1,737.1,5,20.2,96.9,53,0.0000000695106,0.0000181905,4.97,8954.6,8.8,736.5,1,"Up Scan","Positive",254,0,4.37,1.6,8,8,0,1,1,20.541,28.622,22.289,18.434,1.846,8091.77,50,21.1,NA,0,0,0,0,0,0,0,0,0,0,0,0,0,0,0,0,0,0,0,0,0,0,0,0,0,0,0,0,0,0,0,11648.992,11283.456,10606.656,9606.784,9817.024,10681.824,11355.808,12683.104,13792.672,14093.12,13969.792,13070.144,12195.936,12410.528,12343.872,12435.52,11683.296,9286.24,7112.64,6425.12,4374.304,2871.904,2412.672,2128.512,1830.272,1561.056,1326.08,1141.024,1027.584,1043.904,1000.96,967.776,991.392,1074.976,1136.32,1002.912,1106.592,975.136,812.832,765.664,568.8,524.352,342.912,305.184,279.136,185.12,157.632,120.096,100.64,93.568,59.328,32.544,28.96,25.056,25.984,12.512,8.288,3.392,3.52,5.376,0,0,0,0,0,0,0,0,0,0,0,0,0,0,0,0,0,0,0,0,0,0,0,0,0,0,0,0,0,0,0,0,0,0,0,3.353,4.705,6.572,8.402,9.875,12.789,17.172,21.943,28.837,36.393,42.611,47.846,50.272,52.264,58.529,63.904,69.96,71.103,61.073,50.618,49.05,36.016,25.572,22.987,21.593,20.185,18.498,17.007,16.267,16.143,17.016,17.74,17.664,18.285,19.333,19.853,18.063,18.676,16.726,14.206,13.04,9.934,8.859,6.093,5.248,4.507,3.038,2.532,2,1.542,1.362,0.821,0.519,0.433,0.325,0.329,0.155,0.101,0.04,0.041,0.062,0.046,0,0,0,0
2026-08-30 17:03:00,1,"Normal Scan","Normal Scan",0,"ON",1,1,1,736.9,5,19.9,96.9,53,0.0000000694201,0.0000181761,4.97,8954.6,8.8,736.5,1,"Up Scan","Positive",254,0,4.37,1.6,8,8,0,1,1,23.014,29.164,23.868,22.876,1.764,10335.6,50,21,NA,0,0,0,0,0,0,0,0,0,0,0,0,0,0,0,0,0,0,0,0,0,0,0,0,0,0,0,0,0,0,0,9769.376,10846.656,9515.072,10135.2,10840.928,12239.872,12268.288,13200.608,14609.76,16276.704,17082.752,18206.272,18331.936,17711.552,17103.424,16613.28,15803.424,15028.32,13662.464,11817.472,9749.696,7816.352,5856.256,4143.296,2900.256,2151.616,1654.88,1297.6,1097.312,1110.592,967.712,1001.696,950.304,957.536,985.216,923.584,992.768,851.584,761.6,707.84,554.4,463.008,368.768,310.528,266.432,213.792,136.32,140.768,79.616,71.488,59.904,46.848,24.768,26.112,12.192,9.472,6.528,3.36,5.184,0,0,0,0,0,0,0,0,0,0,0,0,0,0,0,0,0,0,0,0,0,0,0,0,0,0,0,0,0,0,0,0,0,0,0,0,3.061,3.97,6.337,7.558,10.507,14.167,19.689,23.754,30.142,38.721,49.397,58.656,70.187,78.702,84.055,89.078,94.431,97.307,99.767,97.218,89.95,79.154,67.641,53.892,40.819,30.765,24.533,20.567,17.781,16.441,17.598,16.74,17.608,17.078,17.659,17.716,16.573,17.16,15.062,13.413,12.246,9.641,7.942,6.141,5.275,4.409,3.395,2.23,2.123,1.22,1.039,0.88,0.63,0.345,0.338,0.155,0.118,0.079,0.04,0.061,0,0.016,0,0,0,0
2026-08-30 17:08:00,1,"Normal Scan","Normal Scan",0,"ON",1,1,1,737.3,5,20.4,96.9,53.4,0.0000000695709,0.0000182001,4.97,8954.6,8.8,736.5,1,"Up Scan","Positive",254,0,4.37,1.6,8,8,0,1,1,20.962,27.652,22.164,21.288,1.796,9894.21,50,21.1,NA,0,0,0,0,0,0,0,0,0,0,0,0,0,0,0,0,0,0,0,0,0,0,0,0,0,0,0,0,0,0,0,14095.168,12161.12,13206.624,12926.368,13170.912,13675.616,13578.208,14454.08,15156.448,15207.424,16178.432,16679.936,16501.344,16002.912,14655.04,13864.608,12713.504,11887.936,10656.128,8733.44,6893.056,5926.976,4532.192,3102.112,2296.576,1774.08,1416.608,1307.104,1113.824,1068.096,998.08,1033.088,897.248,863.424,973.216,868.512,929.408,809.568,777.056,665.856,549.504,463.808,371.2,299.392,264.768,237.888,168.992,147.392,95.968,69.504,72.768,46.208,19.36,16.16,13.728,9.504,4.864,5.088,3.52,3.584,0,0,0,0,0,0,0,0,0,0,0,0,0,0,0,0,0,0,0,0,0,0,0,0,0,0,0,0,0,0,0,0,0,0,0,4.453,5.69,7.139,10.5,13.351,17.15,21.947,26.221,32.868,40.122,46.026,55.498,64.13,70.658,75.618,76.044,78.475,78.127,78.815,75.697,66.576,56.137,51.466,42.076,30.911,24.762,20.643,17.98,17.682,16.445,16.904,16.841,17.706,16.58,16.084,17.517,15.916,16.333,14.429,13.685,11.818,9.723,8.014,6.308,5.248,4.397,3.717,2.607,2.228,1.502,0.99,1.038,0.667,0.32,0.21,0.174,0.118,0.06,0.06,0.041,0.041,0.059,0,0,0,0
2026-08-30 17:13:00,1,"Normal Scan","Normal Scan",0,"ON",1,1,1,736.9,5,19.9,96.9,53.8,0.0000000694201,0.0000181761,4.97,8954.6,8.8,736.5,1,"Up Scan","Positive",254,0,4.37,1.6,8,8,0,1,1,17.746,26.175,19.965,9.647,1.871,8473.1,51,21,NA,0,0,0,0,0,0,0,0,0,0,0,0,0,0,0,0,0,0,0,0,0,0,0,0,0,0,0,0,0,0,0,19190.24,17505.44,16083.168,15501.408,14638.912,13603.424,13005.888,13272.992,13290.336,13474.912,13404.16,12587.296,11444.48,10142.048,9282.88,8388.608,7756.16,6786.496,5572,4382.368,3681.76,3045.536,2734.944,2228.64,1875.232,1617.248,1402.112,1279.808,1161.824,993.984,893.632,954.784,864.288,958.144,995.264,996.032,950.592,827.232,795.616,630.048,539.936,455.776,407.296,305.152,276.352,225.44,184.128,135.456,122.688,82.336,66.176,56.768,24.48,23.712,13.76,4.736,8.096,3.392,3.456,0,0,0,0,0,0,0,0,0,0,0,0,0,0,0,0,0,0,0,0,0,0,0,0,0,0,0,0,0,0,0,0,0,0,0,0,5.667,7.717,10.218,12.761,16.018,19.06,21.824,25.067,30.131,35.078,40.68,45.788,48.236,48.845,47.813,47.991,47.375,47.502,45.103,39.908,33.882,30.549,27.182,26.008,22.707,20.45,18.829,17.744,17.412,17.249,16.276,15.78,16.913,16.129,17.303,17.803,17.603,16.919,14.742,14.145,11.322,9.605,8.008,7.054,5.262,4.627,3.548,2.908,2.036,1.839,1.168,0.949,0.76,0.358,0.306,0.174,0.059,0.099,0.04,0.041,0,0.033,0,0,0,0
2026-08-30 17:18:00,1,"Normal Scan","Normal Scan",0,"ON",1,1,1,737.3,5,20.4,96.9,53.6,0.0000000695709,0.0000182001,4.97,8954.6,8.8,736.5,1,"Up Scan","Positive",254,0,4.37,1.6,8,8,0,1,1,16.495,24.55,18.816,9.647,1.839,9085.63,51,21.1,NA,0,0,0,0,0,0,0,0,0,0,0,0,0,0,0,0,0,0,0,0,0,0,0,0,0,0,0,0,0,0,0,22480.448,21089.92,19694.88,18212.928,17314.72,15886.08,15953.632,15600.192,15264.48,14672.448,13901.472,13201.088,12072.224,10354.176,8840.128,7666.624,5924.256,4910.24,4077.856,3809.536,3520.704,2624.64,2259.04,1948.256,1664.512,1504.48,1375.872,1259.968,1147.2,1018.368,902.144,836.992,982.592,907.2,913.056,907.488,865.056,830.08,734.56,650.368,512.192,512.32,406.912,344.896,283.104,210.208,185.344,140.896,104.416,73.44,50.816,45.664,34.208,23.872,10.688,7.904,6.496,3.36,1.728,1.792,0,0,0,0,0,0,0,0,0,0,0,0,0,0,0,0,0,0,0,0,0,0,0,0,0,0,0,0,0,0,0,0,0,0,0,5.895,9.125,12.252,15.607,18.769,22.519,25.445,30.687,35.423,40.173,44.213,47.396,50.438,51.292,48.559,45.603,43.304,36.337,32.726,29.382,29.477,29.177,23.537,21.741,20.015,18.384,17.618,17.331,17.26,16.843,16.252,15.673,15.172,17.555,16.701,16.582,16.639,15.71,14.981,13.078,11.567,9.275,8.768,6.896,5.639,4.635,3.433,2.891,2.104,1.591,1.06,0.712,0.63,0.486,0.309,0.135,0.098,0.079,0.04,0.02,0.021,0.029,0,0,0,0
2026-08-30 17:23:00,1,"Normal Scan","Normal Scan",0,"ON",1,1,1,737,5,20.1,96.9,54.2,0.0000000694804,0.0000181857,4.97,8954.6,8.8,736.5,1,"Up Scan","Positive",254,0,4.37,1.6,8,8,0,1,1,16.242,26.335,19.17,9.647,1.945,5996.68,50,21.1,NA,0,0,0,0,0,0,0,0,0,0,0,0,0,0,0,0,0,0,0,0,0,0,0,0,0,0,0,0,0,0,0,17887.136,15348.448,12457.184,11055.168,11914.848,10776.224,9529.728,9637.376,9172.992,8686.208,8504.832,8098.976,7171.808,6651.52,5472.48,4592.096,3959.2,3234.4,2446.048,2047.936,1790.912,1662.88,1534.624,1323.936,1389.248,1172.512,1049.152,1072.032,954.336,888.288,868.864,809.408,794.304,894.272,840.864,871.328,772.064,746.272,688.48,546.048,501.568,362.56,351.488,314.592,227.52,207.744,171.808,95.68,89.664,70.56,61.504,34.784,33.056,16.256,10.752,6.304,6.496,10.144,5.216,1.792,0,0,0,0,0,0,0,0,0,0,0,0,0,0,0,0,0,0,0,0,0,0,0,0,0,0,0,0,0,0,0,0,0,0,0,5.388,7.197,8.902,9.881,11.377,15.506,17.28,18.364,21.846,24.13,26.164,28.979,30.934,30.485,31.168,28.156,25.865,24.268,21.563,17.725,16.173,15.166,15.146,15.017,13.954,15.413,14.122,13.648,14.771,14.362,14.466,14.689,14.449,14.556,16.013,15.195,15.26,14.025,13.399,11.986,10.025,8.788,6.425,5.952,5.301,3.747,3.386,2.658,1.502,1.361,1.042,0.913,0.501,0.47,0.21,0.135,0.078,0.079,0.121,0.061,0.021,0.032,0,0,0,0
2026-08-30 17:28:00,1,"Normal Scan","Normal Scan",0,"ON",1,1,1,736.9,5,19.9,96.9,53.6,0.0000000694201,0.0000181761,4.97,8954.6,8.8,736.5,1,"Up Scan","Positive",254,0,4.37,1.6,8,8,0,1,1,18.439,27.8,20.803,9.647,1.93,5927.19,49,21,NA,0,0,0,0,0,0,0,0,0,0,0,0,0,0,0,0,0,0,0,0,0,0,0,0,0,0,0,0,0,0,0,14350.752,11567.776,11517.184,9435.424,8751.36,8909.856,8622.272,8390.848,8905.984,9023.584,8650.144,8426.624,7761.376,7446.112,7024.192,6682.496,5774.08,4955.616,4256.864,3486.144,2852.448,2257.088,1860.704,1622.08,1444.608,1320.224,1198.144,1080.192,1048.96,1001.952,933.44,857.344,871.04,849.056,850.368,815.072,739.52,687.776,623.104,517.056,476.8,340.128,288.768,250.528,190.592,196.768,130.88,113.376,93.12,77.216,63.104,31.744,16.032,16.224,6.112,1.568,3.264,5.056,0,0,0,0,0,0,0,0,0,0,0,0,0,0,0,0,0,0,0,0,0,0,0,0,0,0,0,0,0,0,0,0,0,0,0,0,0,3.539,5.738,6.747,9.067,9.765,11.388,14.27,16.64,19.093,23.509,27.273,29.598,32.336,33.133,35.13,36.297,37.695,35.354,32.868,30.48,26.943,23.718,20.281,17.979,16.87,16.188,15.774,15.308,14.908,15.419,15.641,15.357,14.767,15.336,14.891,15.079,14.281,13.015,12.134,10.949,9.337,8.275,5.992,5.099,4.407,3.14,3.066,2.035,1.67,1.36,1.116,0.876,0.426,0.263,0.21,0.077,0.02,0.04,0.06,0,0,0.049,0,0,0,0
2026-08-30 17:33:00,1,"Normal Scan","Normal Scan",0,"ON",1,1,1,737.3,5,20.4,96.9,53.4,0.0000000695709,0.0000182001,4.97,8954.6,8.8,736.5,1,"Up Scan","Positive",254,0,4.37,1.6,8,8,0,1,1,18.461,29.182,21.312,10.366,1.978,5638.35,48,21.1,NA,0,0,0,0,0,0,0,0,0,0,0,0,0,0,0,0,0,0,0,0,0,0,0,0,0,0,0,0,0,0,0,10872.288,11357.024,11009.28,8985.632,8849.216,9173.696,8727.424,8504.32,8524.544,8389.504,7997.12,8387.584,7753.856,6946.464,6200.224,5533.568,4894.848,4287.904,3524.704,3273.216,2508.448,2099.648,1824.448,1597.632,1586.048,1426.848,1379.744,1334.112,1251.232,1133.44,1053.248,1015.36,903.36,888.8,848.608,789.408,833.984,720.064,715.136,578.56,544.224,472.832,325.984,330.752,273.856,190.272,144.608,137.408,84.064,60.384,52.768,34.72,21.44,25.088,9.216,17.344,13.056,5.088,1.728,1.792,0,0,0,0,0,0,0,0,0,0,0,0,0,0,0,0,0,0,0,0,0,0,0,0,0,0,0,0,0,0,0,0,0,0,0,3.333,4.382,6.585,8.718,9.279,11.525,14.705,16.823,19.29,22.477,25.358,27.341,32.128,33.038,32.696,32.071,31.263,30.023,28.535,25.393,25.425,21.127,19.111,17.995,16.935,17.712,17.182,17.562,17.887,17.893,17.337,17.035,17.255,16.077,16.122,15.654,14.716,14.648,13.219,12.719,10.176,9.518,7.976,5.65,5.443,4.461,3.03,2.301,2.122,1.343,0.9,0.765,0.482,0.282,0.324,0.116,0.216,0.159,0.06,0.02,0.021,0,0,0,0,0
2026-08-30 17:38:00,1,"Normal Scan","Normal Scan",0,"ON",1,1,1,737,5,20,96.9,53.3,0.0000000694502,0.0000181809,4.97,8954.6,8.8,736.5,1,"Up Scan","Positive",254,0,4.37,1.6,8,8,0,1,1,17.298,29.852,21.045,9.647,2.054,4706.42,48,21,NA,0,0,0,0,0,0,0,0,0,0,0,0,0,0,0,0,0,0,0,0,0,0,0,0,0,0,0,0,0,0,0,10539.776,9968.704,9239.968,9634.208,9032.32,8055.968,7949.184,6850.496,6737.504,6822.368,6357.536,5826.56,5657.12,4882.528,4383.616,3363.2,2867.072,2544.672,2080.32,1928,1829.472,1753.056,1649.12,1583.744,1540.416,1544.064,1383.168,1352.896,1192.32,1100.544,1124,1127.872,1028.384,976.352,904.896,764.192,735.072,711.456,624.416,504.672,481.024,377.12,341.696,261.568,215.744,183.872,160.864,114.56,83.296,56.192,58.56,39.936,20.128,22.112,9.152,6.272,8.096,3.36,10.496,0,0,0,0,0,0,0,0,0,0,0,0,0,0,0,0,0,0,0,0,0,0,0,0,0,0,0,0,0,0,0,0,0,0,0,0,2.969,4.269,5.801,7.36,9.962,11.752,12.925,15.295,15.53,17.774,20.597,21.688,22.267,24.077,22.918,22.611,19.055,17.753,17.171,15.319,15.388,15.807,16.254,16.385,16.772,17.352,18.583,17.811,18.406,17.363,16.778,17.688,18.205,17.566,16.698,15.904,13.771,13.332,12.492,11.146,9.104,8.518,6.54,5.863,4.425,3.617,2.912,2.567,1.74,1.256,0.827,0.858,0.575,0.282,0.286,0.116,0.078,0.099,0.04,0.122,0,0.016,0,0,0,0
2026-08-30 17:43:00,1,"Normal Scan","Normal Scan",0,"ON",1,1,1,737,5,20.1,96.9,52.6,0.0000000694804,0.0000181857,4.97,8954.6,8.8,736.5,1,"Up Scan","Positive",254,0,4.37,1.6,8,8,0,1,1,17.367,31.956,21.651,9.647,2.147,3783.69,48,21,NA,0,0,0,0,0,0,0,0,0,0,0,0,0,0,0,0,0,0,0,0,0,0,0,0,0,0,0,0,0,0,0,9715.808,8334.304,7522.784,7078.624,6707.136,5867.552,5886.208,5920.992,5356.832,5171.68,4982.816,4618.72,4172.192,3691.392,3170.816,2739.36,2177.856,1909.024,1617.664,1458.4,1450.304,1423.52,1345.952,1260.192,1296.448,1215.36,1125.408,1128.064,1017.952,998.144,911.872,956.512,908.512,882.368,835.232,957.504,867.36,736.288,660.128,563.104,446.144,348.768,338.88,287.104,221.984,181.408,175.552,123.744,82.944,70.944,60.864,21.792,25.6,10.272,12.192,11.04,9.824,5.024,1.76,1.792,0,0,0,0,0,0,0,0,0,0,0,0,0,0,0,0,0,0,0,0,0,0,0,0,0,0,0,0,0,0,0,0,0,0,0,2.201,3.884,4.868,5.942,7.29,8.738,9.397,11.309,13.433,14.134,15.6,16.998,17.68,17.76,17.365,16.366,15.516,13.522,12.925,11.923,11.728,12.533,13.186,13.457,13.417,14.607,14.767,14.786,15.62,15.094,15.857,15.601,16.423,15.94,15.744,14.896,16.298,15.245,13.129,11.544,10.074,8.016,6.235,5.81,4.823,3.593,2.951,2.63,1.896,1.255,1.096,0.84,0.315,0.339,0.134,0.155,0.137,0.119,0.06,0.02,0.021,0,0,0,0,0
2026-08-30 17:48:00,1,"Normal Scan","Normal Scan",0,"ON",1,1,1,737.2,5,20.3,96.9,52.8,0.0000000695407,0.0000181953,4.97,8954.6,8.8,736.5,1,"Up Scan","Positive",254,0,4.37,1.6,8,8,0,1,1,18.506,31.256,22.013,9.647,2.067,4140.31,48,21.1,NA,0,0,0,0,0,0,0,0,0,0,0,0,0,0,0,0,0,0,0,0,0,0,0,0,0,0,0,0,0,0,0,8965.92,8216.8,7909.856,6768.512,6858.816,6400.256,6390.912,5875.488,5778.176,5741.888,5477.44,5253.888,4836,4660.288,4186.752,3675.232,3596.096,3235.712,2788.544,2314.848,1978.496,1853.568,1672.096,1413.632,1385.248,1193.312,1129.248,1103.104,949.952,957.44,922.048,797.536,823.04,796.032,795.104,762.048,725.056,704,619.2,541.6,429.984,396.832,340.288,271.872,220.064,172.576,142.432,112.384,80.416,82.304,59.072,35.168,28.896,16.256,16.768,7.968,11.392,10.208,1.76,0,0,0,0,0,0,0,0,0,0,0,0,0,0,0,0,0,0,0,0,0,0,0,0,0,0,0,0,0,0,0,0,0,0,0,0,2.926,3.622,4.816,6.232,6.999,8.918,10.244,12.293,13.317,15.22,17.337,18.706,20.178,20.66,22.002,21.696,20.838,22.18,21.64,20.161,18.166,16.688,16.769,16.352,14.801,15.462,14.388,14.423,15.042,14.136,14.865,15.117,14.069,14.688,14.36,14.225,13.862,13.101,12.529,10.966,9.667,7.684,6.853,5.883,4.728,3.668,2.832,2.274,1.704,1.29,1.204,0.876,0.479,0.398,0.21,0.213,0.098,0.139,0.121,0.02,0,0.015,0,0,0,0
2026-08-30 17:53:00,1,"Normal Scan","Normal Scan",0,"ON",1,1,1,736.9,5,19.9,96.9,52.6,0.0000000694201,0.0000181761,4.97,8954.6,8.8,736.5,1,"Up Scan","Positive",254,0,4.37,1.6,8,8,0,1,1,16.637,25.174,19.151,9.647,1.896,9005.43,48,20.9,NA,0,0,0,0,0,0,0,0,0,0,0,0,0,0,0,0,0,0,0,0,0,0,0,0,0,0,0,0,0,0,0,30306.176,27189.792,22617.6,18098.848,14308.992,11107.616,10169.312,9688.832,9432.64,9924.352,9843.872,10094.304,10630.208,10345.664,10575.328,10304.384,9585.024,8172.448,6633.664,5430.688,4673.216,4091.776,3180.896,2538.016,1849.664,1574.432,1414.56,1237.344,1148.448,1006.4,911.488,896.544,957.024,885.152,953.664,811.168,890.368,742.592,645.824,583.936,507.648,456.384,346.624,310.72,247.776,216,138.784,125.984,108.864,73.952,59.488,42.368,25.824,26.464,15.296,9.472,4.896,1.696,1.76,1.792,0,0,0,0,0,0,0,0,0,0,0,0,0,0,0,0,0,0,0,0,0,0,0,0,0,0,0,0,0,0,0,0,0,0,0,10.877,12.124,15.925,17.946,18.545,18.579,17.755,19.598,22.038,24.942,30.052,33.819,38.993,45.589,48.915,54.765,58.282,58.84,54.202,47.441,41.686,38.438,35.939,29.99,25.56,20.215,18.428,17.762,16.965,16.772,15.913,15.535,15.846,16.548,16.01,16.893,14.974,15.513,13.497,11.705,10.388,8.909,7.927,6.008,5.274,4.11,3.445,2.225,1.949,1.625,1.062,0.824,0.591,0.358,0.344,0.194,0.118,0.06,0.02,0.02,0.021,0.016,0,0,0,0
2026-08-30 17:58:00,1,"Normal Scan","Normal Scan",0,"ON",1,1,1,737.3,5,20.4,96.9,52.4,0.0000000695709,0.0000182001,4.97,8954.6,8.8,736.5,1,"Up Scan","Positive",254,0,4.37,1.6,8,8,0,1,1,19.156,27.257,20.71,9.647,1.941,9036.96,49,21.1,NA,0,0,0,0,0,0,0,0,0,0,0,0,0,0,0,0,0,0,0,0,0,0,0,0,0,0,0,0,0,0,0,34149.408,24390.88,18106.112,14502.496,10252.064,9062.752,8896.128,8375.072,8233.472,8413.152,8905.6,9122.176,9821.408,9839.648,9741.408,9613.344,10869.472,11528.768,11751.072,10557.664,8588.736,6332.224,4391.616,3034.336,2305.088,1899.008,1644.992,1415.488,1292.192,1122.336,901.568,950.656,795.2,921.408,826.496,815.936,809.216,737.696,703.168,606.752,528.032,431.168,454.72,293.984,228.928,233.76,207.136,157.696,117.888,80.896,74.016,64.96,27.2,16.192,15.296,7.872,9.824,0,5.184,1.792,0,0,0,0,0,0,0,0,0,0,0,0,0,0,0,0,0,0,0,0,0,0,0,0,0,0,0,0,0,0,0,0,0,0,0,11.73,13.729,14.148,14.264,14.91,13.3,14.496,17.166,19.088,21.781,25.536,30.606,35.331,42.519,47.253,51.387,55.29,67.253,76.478,83.365,80.176,69.774,55.072,40.926,30.472,24.801,21.881,20.158,18.715,18.404,17.129,15.187,16.264,14.904,16.723,15.191,15.034,15.259,13.38,12.46,11.214,9.616,7.843,7.562,5.155,4.024,3.702,3.13,2.435,1.715,1.186,1.059,0.89,0.357,0.21,0.194,0.098,0.119,0,0.061,0.021,0,0,0,0,0
2026-08-30 18:03:00,1,"Normal Scan","Normal Scan",0,"ON",1,1,1,736.9,5,19.9,96.9,52.8,0.0000000694201,0.0000181761,4.97,8954.6,8.8,736.5,1,"Up Scan","Positive",254,0,4.37,1.6,8,8,0,1,1,18.43,28.288,20.747,9.647,1.983,6331.7,49,21,NA,0,0,0,0,0,0,0,0,0,0,0,0,0,0,0,0,0,0,0,0,0,0,0,0,0,0,0,0,0,0,0,20585.44,15660.032,12909.92,10504,8730.432,7962.208,7379.968,7442.848,6766.272,7027.424,7599.776,6913.536,6820.352,7479.296,7720.544,7716,7280.864,6888.032,5781.824,4946.368,3754.304,2764,2188,1718.176,1458.688,1302.4,1169.504,1216.512,1101.056,1006.24,928.128,921.344,861.824,818.624,816.384,808.448,777.92,772.672,728.096,587.168,539.072,378.144,370.656,327.232,246.272,204.448,174.08,161.152,112.32,78.816,62.752,58.944,28.896,17.728,7.616,7.872,3.264,11.808,6.944,1.792,0,0,0,0,0,0,0,0,0,0,0,0,0,0,0,0,0,0,0,0,0,0,0,0,0,0,0,0,0,0,0,0,0,0,0,5.959,8.291,9.098,10.198,10.781,11.341,12.749,14.188,16.913,17.881,21.341,26.12,26.689,29.388,35.535,40.149,43.689,44.589,45.507,41.125,37.822,30.891,24.543,21.052,17.841,16.296,15.644,15.082,16.425,15.878,15.788,15.512,16.018,15.637,15.188,15.242,14.521,14.26,14.036,12.945,10.56,9.689,6.929,6.465,5.439,4.246,3.314,2.732,2.391,1.658,1.168,0.968,0.816,0.414,0.229,0.097,0.098,0.04,0.141,0.081,0.021,0.031,0,0,0,0
2026-08-30 18:08:00,1,"Normal Scan","Normal Scan",0,"ON",1,1,1,737.3,5,20.5,96.8,52.5,0.000000069673,0.0000182049,4.97,8954.6,8.8,736.5,1,"Up Scan","Positive",254,0,4.37,1.6,8,8,0,1,1,16.957,28.993,20.441,9.647,2.057,5574.83,50,21.1,NA,0,0,0,0,0,0,0,0,0,0,0,0,0,0,0,0,0,0,0,0,0,0,0,0,0,0,0,0,0,0,0,19200.608,15630.816,12110.56,10371.52,8661.024,7754.688,7165.92,6262.368,6332.928,6122.272,6089.504,5977.44,5736.064,5242.112,5131.84,4674.976,4591.84,4926.624,4416.608,3530.656,3256.64,2610.688,2147.904,1803.936,1469.504,1372.256,1281.632,1158.624,1124.832,1051.104,1021.856,902.24,860.48,854.464,802.112,810.688,846.88,761.504,717.312,622.464,575.232,460.896,367.808,329.984,291.04,239.04,173.856,126.656,112.64,82.304,81.664,37.44,35.904,26.592,21.344,12.64,1.632,5.024,3.52,1.824,0,0,0,0,0,0,0,0,0,0,0,0,0,0,0,0,0,0,0,0,0,0,0,0,0,0,0,0,0,0,0,0,0,0,0,5.906,7.73,9.1,9.536,10.672,11.275,12.368,13.773,14.208,16.644,18.485,20.828,22.968,24.601,24.894,26.689,26.693,28.371,32.784,31.662,27.276,27.031,23.298,20.657,18.677,16.511,16.478,16.254,15.795,16.432,16.19,16.737,16.001,15.59,15.996,15.141,15.146,15.28,13.838,12.993,11.41,10.058,8.053,6.39,5.706,4.712,3.847,2.794,1.996,1.664,1.203,1.131,0.519,0.489,0.343,0.271,0.157,0.02,0.06,0.041,0.021,0,0,0,0,0
2026-08-30 18:13:00,1,"Normal Scan","Normal Scan",0,"ON",1,1,1,737,5,20.1,96.8,53.1,0.0000000695522,0.0000181857,4.97,8954.6,8.8,736.5,1,"Up Scan","Positive",254,0,4.37,1.6,8,8,0,1,1,15.889,28.883,20.016,9.647,2.078,5332.92,50,21,NA,0,0,0,0,0,0,0,0,0,0,0,0,0,0,0,0,0,0,0,0,0,0,0,0,0,0,0,0,0,0,0,17961.312,15122.24,13714.272,11224.416,9390.88,8059.968,7191.68,6381.056,5900.448,5346.496,5038.912,4669.856,4790.496,4628.992,4845.984,4905.856,4429.536,4130.752,3572.64,3081.12,2702.656,2201.536,1896.8,1556.256,1405.664,1210.336,1026.208,1048.576,917.344,906.624,763.2,838.624,877.152,896.768,889.28,913.632,816.544,820.992,772.896,653.92,600.8,499.2,412.576,369.664,305.344,242.88,210.464,130.944,108.288,90.912,62.88,35.872,40.096,14.72,7.2,9.952,6.592,3.36,0,0,0,0,0,0,0,0,0,0,0,0,0,0,0,0,0,0,0,0,0,0,0,0,0,0,0,0,0,0,0,0,0,0,0,0,0,4.828,7.243,8.802,10.845,11.579,12.178,12.861,13.778,14.491,15.52,16.161,17.307,17.987,20.57,21.964,25.189,27.824,27.252,27.501,25.674,23.878,22.452,19.636,18.211,16.149,15.499,14.384,13.487,14.713,14.214,14.643,13.78,15.28,16.434,16.575,16.659,16.843,15.25,14.969,13.964,11.756,10.54,8.659,7.153,6.062,4.855,3.971,3.141,1.957,1.583,1.354,0.858,0.482,0.546,0.191,0.091,0.124,0.079,0.04,0,0,0.016,0,0,0,0
2026-08-30 18:18:00,1,"Normal Scan","Normal Scan",0,"ON",1,1,1,737.1,5,20.3,96.8,52.8,0.0000000696126,0.0000181953,4.97,8954.6,8.8,736.5,1,"Up Scan","Positive",254,0,4.37,1.6,8,8,0,1,1,16.362,26.56,19.558,9.647,1.976,8792.88,50,21.1,NA,0,0,0,0,0,0,0,0,0,0,0,0,0,0,0,0,0,0,0,0,0,0,0,0,0,0,0,0,0,0,0,34898.528,26518.208,21132.928,16820.16,12545.888,11240.288,9634.464,9526.944,8956.992,8543.84,8542.464,8319.2,8582.176,9354.528,8893.248,8472.416,7824.8,7363.232,6858.304,6162.528,5546.144,4717.664,3854.816,3163.36,2673.6,2280.32,1974.528,1728.032,1377.28,1394.528,1204.896,1116.416,1032.192,1029.536,900.832,921.12,875.36,774.176,796.096,613.92,558.336,484.736,397.728,350.112,323.872,245.088,198.08,173.664,143.296,94.336,68.128,44.64,48.608,29.536,19.84,9.472,8.224,3.328,5.216,0,0,0,0,0,0,0,0,0,0,0,0,0,0,0,0,0,0,0,0,0,0,0,0,0,0,0,0,0,0,0,0,0,0,0,0,10.369,13.928,15.334,16.743,17.265,16.25,18.002,18.507,21.609,23.676,25.874,29.28,32.066,36.863,44.329,46.324,48.241,48.435,49.278,49.361,47.67,45.93,41.787,36.47,31.977,28.957,26.35,24.294,22.741,19.775,20.634,19.393,18.779,18.365,18.186,16.693,16.863,15.939,14.38,14.556,11.322,10.058,8.828,7.067,5.913,5.244,4.087,3.144,2.645,2.121,1.401,0.967,0.612,0.677,0.382,0.252,0.118,0.099,0.04,0.061,0,0.031,0,0,0,0
2026-08-30 18:23:00,1,"Normal Scan","Normal Scan",0,"ON",1,1,1,737.2,5,20.3,96.9,53.3,0.0000000695407,0.0000181953,4.97,8954.6,8.8,736.5,1,"Up Scan","Positive",254,0,4.37,1.6,8,8,0,1,1,16.638,28.721,20.569,9.647,2.077,10017.1,49,21.1,NA,0,0,0,0,0,0,0,0,0,0,0,0,0,0,0,0,0,0,0,0,0,0,0,0,0,0,0,0,0,0,0,40281.28,31083.072,24112.096,18698.464,14199.136,11424.128,10131.008,9753.472,9203.584,9148.16,8860.512,8787.84,8533.44,8445.664,8417.632,8157.92,8094.208,7192.288,6871.744,6527.04,6172.448,5718.848,5435.68,4986.784,4763.04,4258.528,3918.752,3577.152,3123.68,2780.576,2261.824,1999.488,1762.944,1587.264,1436.768,1321.856,1217.664,1017.92,914.752,846.528,669.92,529.152,445.184,427.776,352.16,240.096,214.784,178.016,169.056,85.344,61.856,61.376,27.744,15.776,13.696,9.504,6.56,8.448,0.64,6.528,0,0,0,0,0,0,0,0,0,0,0,0,0,0,0,0,0,0,0,0,0,0,0,0,0,0,0,0,0,0,0,0,0,0,0,12.144,16.158,17.973,19.037,19.248,18.386,18.267,19.466,22.112,24.298,27.675,30.385,33.86,36.644,40.127,43.97,46.674,50.375,48.835,50.452,51.776,52.53,52.27,52.914,51.686,51.938,48.932,47.451,45.643,42.012,39.331,34.278,31.391,28.845,26.995,24.916,22.77,21.121,18.495,16.487,14.539,11.874,9.506,7.727,6.961,5.837,3.823,3.251,2.695,2.487,1.264,0.876,0.89,0.382,0.204,0.174,0.118,0.079,0.1,0.007,0.075,0.015,0,0,0,0
2026-08-30 18:28:00,1,"Normal Scan","Normal Scan",0,"ON",1,1,1,737,5,20.1,96.8,53,0.0000000695522,0.0000181857,4.97,8954.6,8.8,736.5,1,"Up Scan","Positive",254,0,4.37,1.6,8,8,0,1,1,18.235,30.098,21.718,9.647,2.057,7706.04,49,21,NA,0,0,0,0,0,0,0,0,0,0,0,0,0,0,0,0,0,0,0,0,0,0,0,0,0,0,0,0,0,0,0,21785.568,19026.752,15233.248,12986.496,12373.984,11340.192,10018.976,9033.536,8637.216,8614.176,7904.48,7946.144,7576.416,7419.072,7102.368,6805.12,6097.888,5965.248,5673.376,5287.552,5083.104,4674.816,4308.384,3973.952,3903.264,3384.192,2932.736,2508.192,2243.2,1867.776,1673.952,1523.52,1430.848,1261.344,1239.744,1073.568,1045.024,903.104,880.352,685.856,572.704,488.832,395.904,351.36,313.536,235.584,206.784,167.2,111.072,93.888,63.776,43.968,45.92,33.92,9.12,11.104,6.528,6.784,5.248,5.408,0,0,0,0,0,0,0,0,0,0,0,0,0,0,0,0,0,0,0,0,0,0,0,0,0,0,0,0,0,0,0,0,0,0,0,6.248,8.762,11.008,12.041,13.436,16.054,18.138,19.262,20.485,22.766,26.02,27.115,30.562,32.468,35.207,37.063,38.91,38.061,40.422,41.563,41.966,43.113,42.407,41.644,40.654,42.004,38.761,35.702,32.474,30.842,27.36,25.986,24.792,23.849,21.878,21.422,18.972,18.3,16.247,15.499,12.394,10.275,8.718,6.952,5.876,5.118,3.922,3.323,2.489,1.708,1.344,0.938,0.646,0.657,0.439,0.116,0.137,0.079,0.08,0.061,0.062,0.033,0,0,0,0
2026-08-30 18:33:00,1,"Normal Scan","Normal Scan",0,"ON",1,1,1,737.2,5,20.4,96.8,53.2,0.0000000696428,0.0000182001,4.97,8954.6,8.8,736.5,1,"Up Scan","Positive",254,0,4.37,1.6,8,8,0,1,1,17.383,31.567,21.732,9.647,2.131,5568.62,49,21.1,NA,0,0,0,0,0,0,0,0,0,0,0,0,0,0,0,0,0,0,0,0,0,0,0,0,0,0,0,0,0,0,0,14521.952,12793.312,11255.776,11314.208,9904.384,8825.28,8088.288,7444.64,7416.928,6585.76,6195.168,5691.232,5582.368,4921.856,4412.736,4294.368,3851.84,3685.664,3229.12,2903.712,2847.52,2598.912,2433.696,2292.224,2131.584,1972.096,1883.552,1702.208,1584.736,1471.936,1329.984,1289.024,1317.28,1213.6,1199.776,1150.72,1079.424,1001.888,804,721.664,628.768,468.224,412.608,384.896,299.616,259.584,202.368,159.008,131.84,94.848,59.616,51.232,27.808,32.512,9.152,12.672,3.264,10.144,3.488,0,0,0,0,0,0,0,0,0,0,0,0,0,0,0,0,0,0,0,0,0,0,0,0,0,0,0,0,0,0,0,0,0,0,0,0,3.954,5.852,7.38,8.869,11.674,12.864,14.145,15.498,16.877,19.508,19.847,21.142,21.807,23.859,23.252,22.954,24.481,23.943,24.872,23.676,23.062,24.238,23.835,23.882,23.955,23.914,23.401,23.882,23.276,22.92,22.655,22.077,21.783,22.499,21.166,21.18,20.006,18.989,17.767,14.445,12.878,11.154,8.376,7.17,6.406,4.935,4.092,3.222,2.363,1.966,1.368,0.883,0.702,0.367,0.42,0.116,0.157,0.04,0.121,0.041,0,0,0,0,0,0
2026-08-30 18:38:00,1,"Normal Scan","Normal Scan",0,"ON",1,1,1,736.9,5,20,96.8,53.3,0.000000069522,0.0000181809,4.97,8954.6,8.8,736.5,1,"Up Scan","Positive",254,0,4.37,1.6,8,8,0,1,1,17.163,31.589,21.623,9.647,2.135,5166.13,49,21,NA,0,0,0,0,0,0,0,0,0,0,0,0,0,0,0,0,0,0,0,0,0,0,0,0,0,0,0,0,0,0,0,12731.808,12416.96,10565.856,10730.272,8794.848,8660.896,7843.648,7461.184,7064,6335.328,5829.824,5557.056,4873.76,4393.792,4192.448,3590.784,3347.968,2929.024,2737.344,2497.216,2437.728,2258.912,2211.296,2111.552,2117.536,1993.024,1845.92,1653.152,1574.816,1470.944,1298.368,1132,1143.136,1109.6,1046.176,931.456,928.448,831.264,681.6,689.824,592.864,482.112,428.768,386.336,332.448,267.776,193.056,152.64,161.504,86.912,72.672,42.496,28.448,22.176,13.76,7.872,11.424,1.696,5.248,5.376,0,0,0,0,0,0,0,0,0,0,0,0,0,0,0,0,0,0,0,0,0,0,0,0,0,0,0,0,0,0,0,0,0,0,0,3.352,5.128,7.218,8.397,11.085,11.393,13.861,15.106,16.913,18.583,19.099,19.909,21.271,20.785,20.753,21.754,20.479,20.808,19.873,20.152,19.999,20.982,20.954,21.838,22.255,23.654,23.432,22.993,22.246,22.364,21.907,20.816,19.137,19.589,19.678,18.827,17.1,16.913,15.36,12.909,12.475,10.581,8.677,7.416,6.495,5.397,4.185,3.021,2.342,2.374,1.246,1.045,0.63,0.376,0.286,0.174,0.098,0.139,0.02,0.061,0.062,0,0,0,0,0
2026-08-30 18:43:00,1,"Normal Scan","Normal Scan",0,"ON",1,1,1,737.3,5,20.5,96.8,53,0.000000069673,0.0000182049,4.97,8954.6,8.8,736.5,1,"Up Scan","Positive",254,0,4.37,1.6,8,8,0,1,1,18.359,34.568,23.389,9.647,2.207,5264.87,49,21.1,NA,0,0,0,0,0,0,0,0,0,0,0,0,0,0,0,0,0,0,0,0,0,0,0,0,0,0,0,0,0,0,0,11788.704,10382.176,11004.544,10094.112,9452.832,8374.56,7505.28,7087.424,6018.048,5952.928,5214.432,4915.232,4585.28,4076.64,3861.696,3860.32,3666.72,3204.16,2955.776,2905.472,2893.28,3248.288,3203.328,3104.928,2637.248,2520.416,2277.696,2204.16,2017.376,1880.064,1700.16,1518.944,1376.96,1316.96,1200.32,1203.584,1092.832,993.088,869.056,716.576,603.2,526.336,473.888,408.064,351.104,284.512,207.36,206.752,159.008,87.904,69.888,63.744,64,25.76,18.208,17.344,9.76,8.448,5.216,3.616,0,0,0,0,0,0,0,0,0,0,0,0,0,0,0,0,0,0,0,0,0,0,0,0,0,0,0,0,0,0,0,0,0,0,0,3.198,4.768,6.074,8.744,10.434,12.208,13.407,14.41,16.025,15.818,17.917,17.823,18.869,19.612,19.295,20.167,22.081,23.019,22.059,22.149,23.397,25.088,29.752,31.315,32.332,29.513,29.761,28.619,29.093,28.147,27.831,26.57,24.99,23.54,22.944,21.05,21.226,19.563,18.053,15.974,12.953,11.031,9.696,8.171,6.799,5.868,4.806,3.29,3.129,2.403,1.293,1.023,0.888,0.875,0.334,0.232,0.216,0.119,0.1,0.061,0.041,0.015,0,0,0,0
2026-08-30 18:48:00,1,"Normal Scan","Normal Scan",0,"ON",1,1,1,736.9,5,20,96.8,53.4,0.000000069522,0.0000181809,4.97,8954.6,8.8,736.5,1,"Up Scan","Positive",254,0,4.37,1.6,8,8,0,1,1,18.598,29.217,21.178,9.647,2.026,8006.46,49,21,NA,0,0,0,0,0,0,0,0,0,0,0,0,0,0,0,0,0,0,0,0,0,0,0,0,0,0,0,0,0,0,0,26674.464,20501.952,16340.48,13177.792,10483.936,8988.736,8353.888,8777.728,9045.12,9513.888,9220.704,9024.64,9181.6,9049.792,8783.136,8270.656,7564,7317.888,6757.248,5681.536,5114.464,4352.224,3504.896,3093.6,2642.784,2344.448,2185.696,1945.472,1912.224,1716.768,1602.4,1457.76,1334.912,1157.824,1068.192,1040.96,910.88,850.848,816.544,699.808,728.256,564.64,476.512,395.424,356.128,293.28,241.408,170.432,135.84,122.848,82.208,54.08,52.96,24.96,19.84,11.008,8.16,3.392,1.76,1.792,0,0,0,0,0,0,0,0,0,0,0,0,0,0,0,0,0,0,0,0,0,0,0,0,0,0,0,0,0,0,0,0,0,0,0,8.886,10.779,11.905,12.906,13.566,13.62,14.421,16.105,19.977,23.878,28.815,31.605,34.739,39.364,42.901,45.642,47.045,46.764,48.844,48.643,44.072,42.549,38.962,33.794,31.965,29.31,27.756,27.498,25.764,26.521,25.316,24.698,23.714,22.505,20.536,19.977,19.277,17.102,15.902,15.058,13.069,12.744,9.975,8.385,6.786,5.795,4.831,3.698,2.64,1.991,1.767,1.137,0.76,0.715,0.324,0.252,0.137,0.099,0.04,0.02,0.021,0.016,0,0,0,0
2026-08-30 18:53:00,1,"Normal Scan","Normal Scan",0,"ON",1,1,1,737.1,5,20.3,96.8,52.7,0.0000000696126,0.0000181953,4.97,8954.6,8.8,736.5,1,"Up Scan","Positive",254,0,4.37,1.6,8,8,0,1,1,16.597,28.265,20.044,9.647,2.055,8298.77,49,21,NA,0,0,0,0,0,0,0,0,0,0,0,0,0,0,0,0,0,0,0,0,0,0,0,0,0,0,0,0,0,0,0,36286.976,24951.968,18328.896,14450.656,10853.952,9697.248,9097.664,8844.576,8683.968,8404.992,8206.4,7905.184,8072.096,8174.976,7754.304,7920.8,7107.328,6666.56,6181.28,5293.568,4539.392,3982.528,3376.032,3012.736,2704.352,2357.984,2113.216,1923.84,1792.224,1649.344,1464.8,1421.248,1264.448,1264.288,1104.032,1158.112,985.984,1020.928,907.616,734.944,667.392,515.808,566.88,441.088,376.704,341.664,260.032,200.32,130.688,93.952,102.752,45.856,57.344,32.448,16.8,14.208,18.08,10.112,3.456,3.584,0,0,0,0,0,0,0,0,0,0,0,0,0,0,0,0,0,0,0,0,0,0,0,0,0,0,0,0,0,0,0,0,0,0,0,12.811,14.48,14.4,14.395,14.855,14.077,15.504,17.514,20.093,22.914,25.389,28.154,30.428,34.65,38.738,40.331,44.948,43.916,44.561,44.553,41.237,38.027,35.743,32.544,31.028,29.85,27.77,26.45,25.7,25.405,24.687,23.468,23.755,22.235,22.37,20.273,20.654,18.787,18.75,16.441,13.89,12.265,9.377,9.49,7.576,6.091,5.646,4.076,3.021,1.987,1.501,1.46,0.649,0.79,0.42,0.213,0.176,0.218,0.121,0.041,0.041,0.031,0,0,0,0
2026-08-30 18:58:00,1,"Normal Scan","Normal Scan",0,"ON",1,1,1,737,5,20.2,96.8,53.3,0.0000000695824,0.0000181905,4.97,8954.6,8.8,736.5,1,"Up Scan","Positive",254,0,4.37,1.6,8,8,0,1,1,15.778,27.84,19.622,9.647,2.049,9015.35,49,21,NA,0,0,0,0,0,0,0,0,0,0,0,0,0,0,0,0,0,0,0,0,0,0,0,0,0,0,0,0,0,0,0,35552.256,28152.576,21757.28,17805.664,14596.32,12409.824,10723.392,10115.968,9691.616,9667.36,9108.672,9135.264,8196.128,7683.328,7602.08,7125.312,6649.504,6318.912,6003.872,5186.496,4562.464,4021.952,3483.264,3095.584,2714.272,2387.808,2294.016,2111.872,2040.992,1789.76,1623.136,1494.016,1410.688,1267.136,1213.44,1219.264,1087.744,1071.744,910.912,843.424,739.168,600.544,552.256,500.768,417.376,343.68,309.216,241.76,188.448,124.8,85.664,90.656,55.296,36.896,25.952,17.824,7.776,8.416,13.92,5.408,0,0,0,0,0,0,0,0,0,0,0,0,0,0,0,0,0,0,0,0,0,0,0,0,0,0,0,0,0,0,0,0,0,0,0,10.713,14.278,16.342,17.173,18.232,18.963,19.858,20.602,22.995,25.517,29.176,31.163,35.078,35.102,36.443,39.599,40.556,41.175,42.352,43.416,40.44,38.189,36.298,33.743,32.266,30.037,28.181,28.93,28.113,28.256,26.935,25.953,24.977,24.295,23.067,22.385,22.125,20.385,19.995,17.171,15.655,13.771,11.057,9.717,8.393,7.114,5.597,4.882,3.677,2.876,1.814,1.291,1.27,0.78,0.477,0.329,0.22,0.095,0.1,0.163,0.062,0.032,0,0,0,0
2026-08-30 19:03:00,1,"Normal Scan","Normal Scan",0,"ON",1,1,1,737.1,5,20.3,96.8,52.8,0.0000000696126,0.0000181953,4.97,8954.6,8.8,736.5,1,"Up Scan","Positive",254,0,4.37,1.6,8,8,0,1,1,16.231,28.983,20.04,9.647,2.081,8099.42,49,21,NA,0,0,0,0,0,0,0,0,0,0,0,0,0,0,0,0,0,0,0,0,0,0,0,0,0,0,0,0,0,0,0,27980.544,23498.688,19282.784,16600.576,12964.416,11401.984,10546.592,10237.408,9891.776,10107.008,9637.92,8816.032,8189.952,7652.224,6630.688,5580.448,5096.832,4914.24,4200.704,3940.704,3415.488,3123.776,2870.304,2512.16,2464.864,2330.88,2137.504,2159.2,1903.2,1846.688,1625.056,1613.888,1513.792,1349.408,1249.952,1117.92,1163.232,1015.04,993.024,887.424,819.456,722.08,652.576,533.792,421.856,375.584,284.256,227.872,173.312,160.16,93.056,76.864,55.072,28.8,27.488,15.84,21.184,11.904,10.464,5.376,0,0,0,0,0,0,0,0,0,0,0,0,0,0,0,0,0,0,0,0,0,0,0,0,0,0,0,0,0,0,0,0,0,0,0,9.137,11.255,13.627,15.232,17.13,16.86,18.256,20.264,23.258,26.049,30.429,32.896,33.724,34.924,36.064,34.393,31.724,31.557,33.012,30.544,30.986,29.057,28.608,28.234,26.659,27.717,27.782,27.263,28.941,26.945,27.549,25.872,26.594,26.391,24.274,23.494,21.503,21.982,19.43,18.353,16.575,14.534,12.898,11.381,8.983,7.065,6.046,4.477,3.513,2.688,2.325,1.415,1.112,0.743,0.372,0.348,0.196,0.258,0.141,0.122,0.062,0.016,0,0,0,0
2026-08-30 19:08:00,1,"Normal Scan","Normal Scan",0,"ON",1,1,1,737.1,5,20.3,96.8,53.2,0.0000000696126,0.0000181953,4.97,8954.6,8.8,736.5,1,"Up Scan","Positive",254,0,4.37,1.6,8,8,0,1,1,14.818,26.385,18.566,9.647,2,7399.93,49,21.1,NA,0,0,0,0,0,0,0,0,0,0,0,0,0,0,0,0,0,0,0,0,0,0,0,0,0,0,0,0,0,0,0,24257.44,21129.44,19089.76,17807.36,16276.832,14081.216,12859.584,11631.552,10197.728,9284.064,8295.616,7095.104,6255.456,5436.32,4754.24,4253.312,3657.152,3379.744,2894.528,2632.128,2386.72,2158.496,2096.608,2007.008,1817.152,1875.84,1648.896,1482.688,1384.384,1320.576,1184.16,1124.384,1070.976,1035.776,947.808,984.384,867.232,838.304,801.152,660.352,640.736,625.568,490.944,446.592,357.024,281.984,262.24,200.736,139.776,99.744,96.096,73.376,32.8,24.992,27.552,11.072,13.056,8.416,1.728,1.792,0,0,0,0,0,0,0,0,0,0,0,0,0,0,0,0,0,0,0,0,0,0,0,0,0,0,0,0,0,0,0,0,0,0,0,7.297,9.723,12.283,15.139,18.295,21.156,22.52,24.673,26.273,26.774,27.912,28.236,27.12,26.633,25.573,24.654,24.119,22.647,22.742,21.18,20.834,20.474,19.9,20.593,21.038,20.329,22.058,20.893,20.022,19.885,20.222,19.202,19.165,19.231,18.748,17.957,18.745,16.618,16.076,14.961,12.332,11.843,10.971,8.393,7.665,6.047,4.497,4.037,3.094,2.104,1.491,1.35,1.001,0.433,0.324,0.348,0.137,0.159,0.1,0.02,0.021,0,0,0,0,0
2026-08-30 19:13:00,1,"Normal Scan","Normal Scan",0,"ON",1,1,1,737,5,20.1,96.8,52.8,0.0000000695522,0.0000181857,4.97,8954.6,8.8,736.5,1,"Up Scan","Positive",254,0,4.37,1.6,8,8,0,1,1,15.737,28.212,19.743,9.647,2.045,6402.89,49,21,NA,0,0,0,0,0,0,0,0,0,0,0,0,0,0,0,0,0,0,0,0,0,0,0,0,0,0,0,0,0,0,0,19869.184,16612.64,14511.072,13432.416,12735.648,11717.152,10977.888,9096.512,8566.592,8105.984,7282.144,6575.936,5826.24,5097.632,4404.544,4003.744,3873.024,3835.616,3402.528,3086.144,2946.656,2579.744,2167.104,2119.584,1898.176,1733.44,1615.392,1408.928,1363.712,1246.592,1164.64,1170.88,1016.768,942.624,933.984,916.128,831.68,830.368,797.984,664.672,566.688,556.352,481.024,378.816,381.792,262.56,231.328,194.048,144.832,116.576,71.648,49.888,34.208,17.696,13.696,11.072,4.96,10.112,1.728,1.792,0,0,0,0,0,0,0,0,0,0,0,0,0,0,0,0,0,0,0,0,0,0,0,0,0,0,0,0,0,0,0,0,0,0,0,6.061,8.065,9.672,11.514,13.878,16.544,18.712,21.058,20.623,22.54,24.44,24.844,25.169,24.861,24.084,22.953,22.881,24.051,25.737,24.812,24.251,24.813,23.403,21.139,22.015,21.065,20.678,20.403,19.014,19.429,19.159,18.753,19.604,18.409,17.451,17.318,17.331,15.968,15.409,15.044,12.105,10.617,9.892,8.366,6.324,6.157,4.225,3.5,2.911,2.101,1.742,1.007,0.686,0.452,0.229,0.174,0.137,0.06,0.121,0.02,0.021,0,0,0,0,0
2026-08-30 19:18:00,1,"Normal Scan","Normal Scan",0,"ON",1,1,1,737.3,5,20.5,96.8,53.1,0.000000069673,0.0000182049,4.97,8954.6,8.8,736.5,1,"Up Scan","Positive",254,0,4.37,1.6,8,8,0,1,1,17.398,30.855,21.591,9.647,2.103,6156.82,49,21.2,NA,0,0,0,0,0,0,0,0,0,0,0,0,0,0,0,0,0,0,0,0,0,0,0,0,0,0,0,0,0,0,0,16052.032,15337.792,12307.168,12266.176,11107.808,9417.344,8889.088,8140.16,7349.856,7134.688,6819.872,6123.328,5876.608,5515.584,4946.528,4576.864,4163.936,4047.776,3683.296,3571.488,3344.928,3032.928,2997.824,2943.168,2792.736,2467.68,2373.888,2103.072,2001.696,1795.008,1616.512,1447.168,1229.088,1150.816,997.6,986.144,910.976,784.736,708.032,692.416,598.08,516.768,422.912,363.456,347.296,246.432,197.632,150.56,126.944,111.584,70.944,40.192,34.464,27.968,22.624,11.392,11.392,10.144,1.728,1.792,0,0,0,0,0,0,0,0,0,0,0,0,0,0,0,0,0,0,0,0,0,0,0,0,0,0,0,0,0,0,0,0,0,0,0,5.262,6.398,8.913,9.742,12.621,14.402,15.04,17.058,18.43,19.357,21.502,23.281,23.471,25.119,26.074,25.785,26.137,25.942,27.448,27.169,28.409,28.627,27.982,29.31,30.791,30.828,29.014,29.394,27.431,27.397,25.892,24.682,23.111,20.811,20.048,18.329,17.972,16.591,14.604,13.363,12.458,10.586,9.023,7.537,6.196,5.559,3.989,3.14,2.357,1.922,1.635,1.03,0.554,0.47,0.363,0.286,0.141,0.139,0.121,0.02,0.021,0.015,0,0,0,0
2026-08-30 19:23:00,1,"Normal Scan","Normal Scan",0,"ON",1,1,1,736.8,5,19.9,96.8,53.2,0.0000000694918,0.0000181761,4.97,8954.6,8.8,736.5,1,"Up Scan","Positive",254,0,4.37,1.6,8,8,0,1,1,16.42,30.902,21.069,10.366,2.127,4653.72,49,21,NA,0,0,0,0,0,0,0,0,0,0,0,0,0,0,0,0,0,0,0,0,0,0,0,0,0,0,0,0,0,0,0,11572.864,11839.136,11105.408,9989.76,8865.824,8120.064,7067.168,6709.6,5826.688,5500.096,4979.264,4556.736,3731.776,3464.512,3195.936,3039.36,2774.048,2628.544,2658.464,2539.744,2608.256,2253.888,2079.424,2012.896,1807.232,1682.112,1537.856,1429.472,1349.856,1135.008,1008.928,909.76,880.032,823.456,799.392,772.544,755.2,704.768,621.184,541.856,474.784,446.688,397.44,328.16,279.136,229.248,255.264,167.968,123.072,86.304,67.264,55.712,57.92,22.304,24.992,6.304,8.128,5.056,0,5.344,0,0,0,0,0,0,0,0,0,0,0,0,0,0,0,0,0,0,0,0,0,0,0,0,0,0,0,0,0,0,0,0,0,0,0,3.249,4.668,6.955,8.822,10.313,11.515,13.001,13.596,15.198,15.314,16.573,17.015,17.44,15.976,16.438,16.703,17.471,17.354,17.906,19.562,20.118,22.079,20.594,20.371,20.907,19.996,19.633,19.072,18.841,18.806,17.276,16.029,15.752,15.568,15.011,14.668,14.498,14.32,13.148,11.636,10.445,9.161,8.197,6.775,5.743,4.669,3.93,3.869,2.656,1.816,1.258,0.931,0.797,0.781,0.289,0.316,0.078,0.099,0.06,0,0.062,0.017,0,0,0,0
2026-08-30 19:28:00,1,"Normal Scan","Normal Scan",0,"ON",1,1,1,737.2,5,20.4,96.8,52.6,0.0000000696428,0.0000182001,4.97,8954.6,8.8,736.5,1,"Up Scan","Positive",254,0,4.37,1.6,8,8,0,1,1,16.981,32.068,21.731,10.366,2.148,4432.58,49,21.1,NA,0,0,0,0,0,0,0,0,0,0,0,0,0,0,0,0,0,0,0,0,0,0,0,0,0,0,0,0,0,0,0,9515.936,10085.216,9671.36,8912.16,8877.856,7970.912,7533.952,6338.4,5903.424,5259.168,5186.08,4500.608,3921.312,3548,3328.192,3045.984,2800.992,2557.024,2330.752,2216.448,2159.168,2013.44,1971.936,1778.304,1722.688,1688.128,1589.248,1455.424,1397.44,1200.544,1065.568,989.184,909.504,768.192,780.032,796.224,747.2,728.384,695.552,636.704,556.096,463.04,476.064,358.72,346.944,253.056,203.072,157.664,119.712,104.768,68.704,48.32,35.712,20.672,12.16,12.64,1.632,1.664,1.728,3.584,0,0,0,0,0,0,0,0,0,0,0,0,0,0,0,0,0,0,0,0,0,0,0,0,0,0,0,0,0,0,0,0,0,0,0,2.761,3.834,5.891,7.63,9.185,11.496,12.778,14.452,14.351,15.513,15.815,17.676,17.245,16.754,16.775,17.322,17.376,17.455,17.351,17.157,17.651,18.52,18.614,19.436,18.816,19.169,19.83,19.796,19.125,19.423,17.854,17.109,16.901,16.217,14.858,15.071,15.014,14.607,13.761,13.139,11.624,10.114,8.204,8.17,6.01,5.616,4.021,3.127,2.385,1.767,1.473,0.953,0.682,0.47,0.267,0.155,0.157,0.02,0.02,0.02,0.041,0,0,0,0,0
2026-08-30 19:33:00,1,"Normal Scan","Normal Scan",0,"ON",1,1,1,737,5,20.1,96.8,53.2,0.0000000695522,0.0000181857,4.97,8954.6,8.8,736.5,1,"Up Scan","Positive",254,0,4.37,1.6,8,8,0,1,1,17.264,32.655,22.077,9.647,2.161,4239.5,49,21.1,NA,0,0,0,0,0,0,0,0,0,0,0,0,0,0,0,0,0,0,0,0,0,0,0,0,0,0,0,0,0,0,0,10137.44,9115.168,8340.32,8200.416,8219.008,7496.544,6948.8,6345.216,5308.992,5064.96,4597.216,4268.48,3730.816,3538.144,3134.272,2882.912,2638.176,2659.904,2355.2,2285.92,2116.192,2087.648,2113.152,1947.072,1921.792,1774.176,1561.504,1475.2,1271.776,1215.936,1095.008,887.328,921.504,731.232,724.416,682.944,694.912,644.16,612.864,625.024,572.512,503.392,461.152,364.448,312.64,254.304,194.208,161.6,141.888,103.84,71.04,53.568,39.968,16.256,13.76,11.008,9.792,3.392,3.488,0,0,0,0,0,0,0,0,0,0,0,0,0,0,0,0,0,0,0,0,0,0,0,0,0,0,0,0,0,0,0,0,0,0,0,0,2.875,4.12,5.291,6.636,8.469,10.673,12.02,13.343,14.366,13.993,15.253,15.694,16.326,15.937,16.733,16.32,16.475,16.493,18.082,17.408,18.294,18.255,19.211,20.643,20.322,21.149,20.72,19.223,19.347,17.665,17.781,17.185,15.243,16.041,14.156,14.391,13.652,13.748,12.524,11.889,11.423,10.346,8.944,7.985,6.203,5.168,4.115,2.979,2.441,2.086,1.503,1.014,0.719,0.527,0.21,0.174,0.137,0.119,0.04,0.041,0,0,0,0,0,0
2026-08-30 19:38:00,1,"Normal Scan","Normal Scan",0,"ON",1,1,1,737.1,5,20.3,96.8,52.6,0.0000000696126,0.0000181953,4.97,8954.6,8.8,736.5,1,"Up Scan","Positive",254,0,4.37,1.6,8,8,0,1,1,17.63,35.118,22.927,9.647,2.245,3596.43,49,21.1,NA,0,0,0,0,0,0,0,0,0,0,0,0,0,0,0,0,0,0,0,0,0,0,0,0,0,0,0,0,0,0,0,8521.92,7932.896,6997.536,6805.76,6376.352,6313.728,5728.672,4989.056,4473.376,3959.072,3725.344,3430.624,3092.64,2858.016,2786.304,2477.76,2382.144,2391.776,2270.688,1982.144,1817.888,1781.664,1681.728,1468.192,1482.368,1447.2,1303.584,1202.816,1137.024,1071.968,883.552,881.344,828.224,770.112,801.312,759.808,786.24,733.344,683.584,661.12,515.488,501.568,422.72,415.936,349.632,263.776,223.648,208.864,165.888,106.784,82.24,48.288,38.496,25.088,16.8,7.936,4.928,5.12,1.728,1.792,0,0,0,0,0,0,0,0,0,0,0,0,0,0,0,0,0,0,0,0,0,0,0,0,0,0,0,0,0,0,0,0,0,0,0,2.336,3.462,4.632,5.555,7.026,8.301,10.08,11.007,11.315,11.774,11.94,12.725,13.181,13.241,13.567,14.509,14.153,14.859,16.18,16.559,15.783,15.6,16.386,16.488,15.554,16.572,17.032,16.436,16.213,16.251,16.297,14.913,15.515,15.273,14.949,15.295,14.75,14.923,14.401,13.178,12.062,9.885,9.218,7.597,6.961,5.66,4.232,3.46,3.125,2.404,1.527,1.17,0.665,0.508,0.324,0.213,0.098,0.06,0.06,0.02,0.021,0,0,0,0,0
2026-08-30 19:43:00,1,"Normal Scan","Normal Scan",0,"ON",1,1,1,737.4,5,20.7,96.8,52.7,0.0000000697334,0.0000182145,4.97,8954.6,8.8,736.5,1,"Up Scan","Positive",254,0,4.37,1.6,8,8,0,1,1,17.804,35.409,23.123,9.647,2.25,3788,49,21.2,NA,0,0,0,0,0,0,0,0,0,0,0,0,0,0,0,0,0,0,0,0,0,0,0,0,0,0,0,0,0,0,0,8647.168,7642.848,7940.128,7116.736,6881.632,6390.336,6071.872,5081.216,4805.12,4405.088,4285.984,3795.904,3277.12,2874.08,2908.288,2522.688,2430.528,2197.088,2128.512,2033.92,1771.168,1792.64,1790.016,1707.84,1636.544,1589.088,1512.256,1538.528,1326.912,1231.744,1010.208,911.136,923.808,821.472,806.56,871.648,800.992,763.008,714.112,689.088,657.888,488.288,444.192,365.376,339.264,290.048,228.384,207.968,161.408,119.776,89.44,60.864,34.56,25.088,29.12,15.808,4.896,1.696,3.52,3.36,0,0,0,0,0,0,0,0,0,0,0,0,0,0,0,0,0,0,0,0,0,0,0,0,0,0,0,0,0,0,0,0,0,0,0,2.275,3.447,4.469,6.293,7.34,8.912,10.234,11.664,11.473,12.631,13.251,14.6,14.54,14.008,13.594,15.156,14.396,15.149,14.965,15.714,16.237,15.356,16.726,17.801,18.119,18.327,18.721,18.891,20.131,18.686,18.48,16.721,16.161,16.563,15.872,15.894,16.374,15.282,14.557,13.553,12.925,11.8,9.034,7.956,6.455,5.657,4.57,3.536,3.25,2.403,1.68,1.248,0.834,0.489,0.324,0.368,0.196,0.06,0.02,0.041,0.023,0.014,0,0,0,0
2026-08-30 19:48:00,1,"Normal Scan","Normal Scan",0,"ON",1,1,1,738,5,21.5,96.8,52.2,0.0000000699752,0.0000182528,4.97,8954.6,8.8,736.5,1,"Up Scan","Positive",254,0,4.37,1.6,8,8,0,1,1,18.344,36.144,23.711,9.647,2.263,4082.6,48,21.5,NA,0,0,0,0,0,0,0,0,0,0,0,0,0,0,0,0,0,0,0,0,0,0,0,0,0,0,0,0,0,0,0,9782.56,8962.848,7765.216,6742.048,6687.488,6522.656,6060.704,5751.904,5241.984,4355.072,4212.256,3740.736,3322.24,3317.28,3016.608,2835.104,2697.216,2636.096,2552.096,2415.328,2308.736,2176.192,2098.176,2074.88,2000.576,1769.6,1740.704,1684.384,1457.024,1418.848,1266.048,1142.624,1055.2,943.392,940.128,955.392,896.416,834.176,764.864,721.728,597.728,583.424,485.184,451.04,380.576,288.736,221.152,198.72,167.008,137.408,68.832,69.184,38.112,43.584,19.84,12.672,6.528,1.696,1.728,3.616,0,0,0,0,0,0,0,0,0,0,0,0,0,0,0,0,0,0,0,0,0,0,0,0,0,0,0,0,0,0,0,0,0,0,0,2.293,3.922,5.204,6.129,6.92,8.66,10.405,11.622,12.974,13.743,13.117,14.362,14.339,14.218,15.739,15.757,16.259,16.865,17.919,18.85,19.289,19.82,20.109,20.783,21.772,22.367,21.13,21.728,22.213,20.61,21.263,20.206,19.55,18.766,17.664,17.65,18.14,16.956,16.004,14.613,13.262,10.997,10.362,8.792,7.541,6.284,4.591,3.598,3.017,2.471,1.938,0.966,0.963,0.535,0.562,0.251,0.157,0.079,0.02,0.02,0.047,0.028,0,0,0,0
2026-08-30 19:53:00,1,"Normal Scan","Normal Scan",0,"ON",1,1,1,738.6,5,22.3,96.8,51.6,0.000000070217,0.0000182911,4.97,8954.6,8.8,736.5,1,"Up Scan","Positive",254,0,4.37,1.6,8,8,0,1,1,19.531,38.25,25.022,9.647,2.294,3865.09,47,22,NA,0,0,0,0,0,0,0,0,0,0,0,0,0,0,0,0,0,0,0,0,0,0,0,0,0,0,0,0,0,0,0,7702.88,7016.384,7226.752,7080.48,6161.6,6218.208,5532.576,4633.536,4831.392,4352.704,3780.864,3558.304,3185.92,3004.192,2807.168,2862.208,2781.76,2626.592,2521.344,2452.896,2380.64,2300.608,2272.544,2114.208,1985.632,1909.856,1832.736,1654.048,1581.248,1405.056,1345.504,1222.24,1086.56,1014.336,1042.496,940.16,846.208,873.664,784.64,748.896,709.408,582.016,554.016,441.472,364.352,302.944,296.416,197.888,154.976,129.792,85.088,73.76,54.88,19.136,19.84,9.472,4.896,0,1.76,1.792,0,0,0,0,0,0,0,0,0,0,0,0,0,0,0,0,0,0,0,0,0,0,0,0,0,0,0,0,0,0,0,0,0,0,0,2.335,3.087,4.059,5.687,7.273,7.978,9.897,10.554,10.459,12.664,13.051,12.896,13.641,13.609,14.265,14.688,16.412,17.417,17.925,18.615,19.569,20.483,21.27,22.321,22.273,22.208,22.676,22.935,21.957,22.323,21.291,21.082,20.576,19.413,18.942,19.564,17.899,16.843,16.553,14.727,14.125,12.855,10.314,9.566,7.492,6.077,4.936,4.459,2.976,2.275,1.825,1.16,1.021,0.757,0.248,0.251,0.117,0.059,0,0.02,0.024,0.028,0,0,0,0
2026-08-30 19:58:00,1,"Normal Scan","Normal Scan",0,"ON",1,1,1,738.3,5,21.9,96.8,51.4,0.0000000700961,0.0000182719,4.97,8954.6,8.8,736.5,1,"Up Scan","Positive",254,0,4.37,1.6,8,8,0,1,1,18.51,35.763,23.485,9.647,2.241,3788.38,46,22.1,NA,0,0,0,0,0,0,0,0,0,0,0,0,0,0,0,0,0,0,0,0,0,0,0,0,0,0,0,0,0,0,0,9054.048,7639.744,7044.224,6589.312,6263.392,5778.944,5566.784,5257.504,5025.984,4441.472,4515.968,3555.744,3312.928,3176.544,3041.664,3027.008,2773.568,2542.304,2508.64,2274.72,1971.456,1875.552,1905.984,1936.224,1687.68,1666.016,1458.336,1383.2,1174.592,999.552,982.272,832.032,813.248,804.096,788.8,840.16,798.016,764.352,729.568,676.896,641.696,539.36,502.688,422.048,343.84,320.8,224.192,209.408,138.688,117.44,91.648,71.52,49.856,35.52,19.84,11.104,6.528,1.696,1.76,0,0,0,0,0,0,0,0,0,0,0,0,0,0,0,0,0,0,0,0,0,0,0,0,0,0,0,0,0,0,0,0,0,0,0,0,2.169,3.634,4.396,5.525,6.736,8.136,9.228,10.663,11.874,13.17,13.363,15.369,13.644,14.173,15.031,15.841,17.214,17.227,17.244,18.445,18.023,17.01,17.306,18.696,19.964,18.549,19.383,18.024,18.272,16.711,15.798,16.149,15.129,15.27,15.742,15.575,16.325,15.68,14.73,13.974,12.638,11.7,9.86,8.696,7.208,5.793,5.141,3.554,3.158,2.042,1.66,1.263,0.975,0.657,0.457,0.251,0.137,0.079,0.02,0.02,0,0,0,0,0,0
2026-08-30 20:03:00,1,"Normal Scan","Normal Scan",0,"ON",1,1,1,737.5,5,20.8,96.8,50.6,0.0000000697636,0.0000182193,4.97,8954.6,8.8,736.5,1,"Up Scan","Positive",254,0,4.37,1.6,8,8,0,1,1,17.904,32.47,22.359,9.647,2.13,5033.04,46,21.8,NA,0,0,0,0,0,0,0,0,0,0,0,0,0,0,0,0,0,0,0,0,0,0,0,0,0,0,0,0,0,0,0,11860.256,9593.728,9700.16,9547.616,8832.8,8864.704,7911.392,7202.912,6497.632,6264.576,5399.872,4925.824,4490.208,4321.056,4171.904,3919.68,3822.848,3412.512,3361.952,3129.504,3032.16,2717.632,2622.72,2466.496,2387.136,2160.16,2002.944,1743.296,1432.96,1288.48,1121.664,925.312,949.152,867.776,815.104,770.848,763.488,766.848,658.528,642.976,612.32,531.968,510.784,405.696,395.488,320.832,224.896,170.656,147.168,114.56,90.784,51.2,48.576,32.448,18.336,6.304,6.56,0,0,1.792,0,0,0,0,0,0,0,0,0,0,0,0,0,0,0,0,0,0,0,0,0,0,0,0,0,0,0,0,0,0,0,0,0,0,0,2.968,4.817,5.561,7.724,9.86,11.482,14.212,15.213,16.297,17.065,18.849,18.441,18.911,19.238,20.474,21.757,22.449,23.793,23.173,24.677,24.86,25.904,24.893,25.489,25.37,25.88,24.722,24.309,22.507,20.015,18.881,17.795,16.268,16.917,16.353,15.861,15.348,15.169,14.74,13.181,12.343,10.874,9.576,8.873,6.895,6.321,5.152,3.54,2.575,2.135,1.634,1.24,0.704,0.658,0.42,0.232,0.078,0.079,0,0,0.023,0.014,0,0,0,0
2026-08-30 20:08:00,1,"Normal Scan","Normal Scan",0,"ON",1,1,1,737.2,5,20.4,96.8,50,0.0000000696428,0.0000182001,4.97,8954.6,8.8,736.5,1,"Up Scan","Positive",254,0,4.37,1.6,8,8,0,1,1,19.728,31.082,22.739,12.864,1.992,6237.74,47,21.6,NA,0,0,0,0,0,0,0,0,0,0,0,0,0,0,0,0,0,0,0,0,0,0,0,0,0,0,0,0,0,0,0,9944.416,9293.568,10179.616,9516.064,10639.808,9855.936,9743.936,9495.552,9066.496,8603.264,8156.64,7753.568,7812.96,7160.896,7230.112,6738.336,5974.976,5734.4,5226.752,4783.648,4225.6,3600.8,3187.648,2885.408,2577.44,2322.976,1940.224,1774.176,1417.792,1223.2,1036.256,916.576,816.48,804.992,735.168,771.36,692.992,732.384,706.848,692.032,588,494.208,481.92,420.896,335.424,299.744,252.192,205.696,186.848,107.232,90.4,62.784,46.336,23.648,12.192,6.336,3.264,6.784,5.216,7.232,0,0,0,0,0,0,0,0,0,0,0,0,0,0,0,0,0,0,0,0,0,0,0,0,0,0,0,0,0,0,0,0,0,0,0,2.916,4.008,5.436,8.118,9.829,13.866,15.739,18.768,21.512,23.861,25.966,27.916,29.784,33.434,33.941,37.624,38.31,36.991,38.455,37.87,37.363,35.422,32.307,30.596,29.255,27.736,26.367,23.329,22.651,19.492,18.17,16.687,15.753,15.231,15.687,14.707,15.055,14.085,14.368,13.619,12.865,11.07,9.341,8.401,7.091,5.583,4.856,3.899,3.063,2.724,1.527,1.321,0.86,0.695,0.305,0.155,0.078,0.04,0.08,0.061,0.082,0.03,0,0,0,0
2026-08-30 20:13:00,1,"Normal Scan","Normal Scan",0,"ON",1,1,1,737.3,5,20.7,96.7,50.6,0.0000000698055,0.0000182145,4.97,8954.6,8.8,736.5,1,"Up Scan","Positive",254,0,4.37,1.6,8,8,0,1,1,19.315,33.009,23.068,9.647,2.09,4952.67,47,21.7,NA,0,0,0,0,0,0,0,0,0,0,0,0,0,0,0,0,0,0,0,0,0,0,0,0,0,0,0,0,0,0,0,9137.408,7602.624,8306.336,8457.248,8641.888,8107.456,7977.152,7449.504,6629.408,6133.312,5919.328,5897.952,5591.904,5476.096,4961.984,4565.6,4260.352,3862.624,3851.968,3521.952,3358.112,3085.312,2668.544,2398.336,1985.216,1659.488,1580.224,1331.264,1175.52,1055.104,1008.96,824.768,846.272,824.32,788.896,786.368,834.752,742.176,682.72,674.88,631.136,564.864,512.992,440.576,372.64,313.248,259.104,193.984,146.08,116.48,78.976,61.248,48.768,36.8,10.72,17.408,6.624,3.36,5.216,1.792,0,0,0,0,0,0,0,0,0,0,0,0,0,0,0,0,0,0,0,0,0,0,0,0,0,0,0,0,0,0,0,0,0,0,0,2.233,3.659,4.419,6.598,8.771,11.21,13.008,15.325,16.873,17.477,18.485,20.243,22.619,23.89,25.89,25.858,26.118,26.524,26.094,28.024,27.518,28.025,27.613,25.469,24.298,21.701,19.258,19.345,17.761,16.761,16.16,16.644,15.142,15.557,15.955,15.676,15.629,16.438,14.583,13.262,12.842,11.689,9.99,8.9,7.469,6.075,5.086,4.059,2.89,2.202,1.692,1.128,0.849,0.677,0.477,0.135,0.216,0.079,0.04,0.061,0.023,0.027,0,0,0,0
2026-08-30 20:18:00,1,"Normal Scan","Normal Scan",0,"ON",1,1,1,737,5,20.2,96.7,51,0.0000000696543,0.0000181905,4.97,8954.6,8.8,736.5,1,"Up Scan","Positive",254,0,4.37,1.6,8,8,0,1,1,16.96,32.767,21.815,9.647,2.158,4248.01,48,21.4,NA,0,0,0,0,0,0,0,0,0,0,0,0,0,0,0,0,0,0,0,0,0,0,0,0,0,0,0,0,0,0,0,8963.616,8547.712,8055.808,8326.528,8840.992,8138.976,8061.92,7114.4,5904.736,5241.152,4625.024,4808.128,3913.792,3514.496,3047.68,3009.76,2678.496,2586.24,2553.92,2406.944,2103.296,1753.376,1592.448,1640,1583.264,1370.496,1187.776,1184,975.968,891.168,794.496,821.056,774.848,717.312,703.712,807.168,737.28,705.888,686.528,672.768,670.784,568.992,507.552,455.584,382.752,281.216,234.944,194.304,192.448,131.104,84.48,64.96,50.208,27.968,18.368,15.776,6.56,3.424,1.728,0,0,0,0,0,0,0,0,0,0,0,0,0,0,0,0,0,0,0,0,0,0,0,0,0,0,0,0,0,0,0,0,0,0,0,0,2.843,3.56,5.005,6.385,8.58,11.486,12.999,15.505,16.086,15.512,15.772,15.792,18.415,16.729,16.646,15.911,17.185,16.629,17.42,18.635,18.959,17.827,15.998,15.706,16.923,17.236,16.043,15.124,15.739,14.232,14.018,13.785,14.872,14.676,14.376,14.72,16.053,14.858,14.22,13.623,12.593,11.991,10.477,9.022,7.682,6.297,4.596,3.682,2.948,2.806,1.869,1.198,0.871,0.677,0.363,0.232,0.196,0.079,0.04,0.02,0,0.016,0,0,0,0
2026-08-30 20:23:00,1,"Normal Scan","Normal Scan",0,"ON",1,1,1,737.3,5,20.7,96.7,51,0.0000000698055,0.0000182145,4.97,8954.6,8.8,736.5,1,"Up Scan","Positive",254,0,4.37,1.6,8,8,0,1,1,19.893,39.055,25.073,9.647,2.315,3333.18,48,21.5,NA,0,0,0,0,0,0,0,0,0,0,0,0,0,0,0,0,0,0,0,0,0,0,0,0,0,0,0,0,0,0,0,6902.272,6351.936,5823.52,5610.752,5111.648,4858.24,4449.984,4389.024,4119.2,3758.976,3618.048,3400.32,3181.536,2996.224,2923.168,2823.36,2559.904,2322.304,2258.112,1990.4,1845.6,1781.984,1740.384,1566.592,1529.664,1529.44,1451.36,1237.12,1127.264,1107.488,943.936,882.56,864.512,854.912,802.016,778.528,789.344,752.608,765.664,670.752,688.896,637.344,517.024,485.792,437.536,339.264,287.168,228.768,160.736,136.736,90.528,62.144,45.824,27.968,27.488,9.472,4.864,1.696,1.728,0,0,0,0,0,0,0,0,0,0,0,0,0,0,0,0,0,0,0,0,0,0,0,0,0,0,0,0,0,0,0,0,0,0,0,0,2.201,2.777,3.661,4.626,5.789,6.636,7.747,8.56,9.933,10.816,11.321,12.353,13.047,13.62,14.192,15.213,16.072,15.913,15.741,16.521,15.859,15.908,16.489,17.071,16.526,17.074,18.029,18.029,16.657,16.413,16.868,15.649,16.03,16.04,16.534,16.339,16.168,15.815,15.319,14.992,13.014,12.716,11.395,9.111,8.173,7.03,5.387,4.436,3.452,2.355,1.914,1.265,0.833,0.62,0.362,0.348,0.118,0.06,0.02,0.02,0,0.014,0,0,0,0
2026-08-30 20:28:00,1,"Normal Scan","Normal Scan",0,"ON",1,1,1,737,5,20.3,96.7,51.8,0.0000000696846,0.0000181953,4.97,8954.6,8.8,736.5,1,"Up Scan","Positive",254,0,4.37,1.6,8,8,0,1,1,19.746,31.551,22.225,9.647,2.077,5630.64,48,21.4,NA,0,0,0,0,0,0,0,0,0,0,0,0,0,0,0,0,0,0,0,0,0,0,0,0,0,0,0,0,0,0,0,17998.752,12539.424,10045.792,8172.544,6494.72,5585.888,5900.192,6257.984,6764.384,7100.864,7385.312,7143.456,6932.416,6803.936,6411.232,6274.784,5806.4,5261.824,4595.552,4091.584,3482.528,3105.984,2579.168,2312.224,1989.248,1773.504,1552.512,1492.224,1331.968,1039.36,1029.6,994.368,820.672,841.408,782.592,720.288,678.72,732.608,736.896,714.656,609.92,580.288,545.6,432.16,382.784,329.568,261.632,187.392,166.464,115.648,100.096,63.296,50.016,25.12,21.408,7.904,10.016,6.496,5.216,1.792,0,0,0,0,0,0,0,0,0,0,0,0,0,0,0,0,0,0,0,0,0,0,0,0,0,0,0,0,0,0,0,0,0,0,0,6.518,7.209,7.264,7.926,8.409,8.412,8.964,11.374,14.259,17.828,21.455,25.277,27.483,29.678,32.181,33.306,35.61,35.822,35.131,33.149,31.807,29.1,27.788,24.893,23.721,21.588,20.709,19.263,19.458,18.634,16.013,16.457,16.78,15.656,16.269,15.663,14.909,14.294,14.565,14.278,13.432,11.281,10.524,9.375,7.394,6.32,5.311,4.06,2.844,2.457,1.688,1.423,0.871,0.677,0.324,0.271,0.098,0.122,0.078,0.061,0.021,0.016,0,0,0,0
2026-08-30 20:33:00,1,"Normal Scan","Normal Scan",0,"ON",1,1,1,737.1,5,20.4,96.7,51.5,0.0000000697148,0.0000182001,4.97,8954.6,8.8,736.5,1,"Up Scan","Positive",254,0,4.37,1.6,8,8,0,1,1,19.343,34.909,23.235,9.647,2.209,4411.09,48,21.4,NA,0,0,0,0,0,0,0,0,0,0,0,0,0,0,0,0,0,0,0,0,0,0,0,0,0,0,0,0,0,0,0,12416.032,9631.168,8211.936,6842.56,6297.6,5688.768,5735.008,5111.744,4985.152,4898.912,4890.272,4564.896,4488.128,4753.888,4583.616,4435.872,4088.416,3636.704,3066.048,2890.144,2558.144,2231.328,1956.832,1878.88,1660.384,1517.888,1470.336,1340.16,1225.568,1205.536,1022.112,980.32,901.632,910.592,871.232,877.248,786.912,789.568,795.104,694.272,695.232,613.088,572.448,519.68,408.512,347.712,325.6,215.776,175.36,130.24,100.768,60.48,41.6,22.144,10.688,9.504,4.896,3.328,5.248,1.792,0,0,0,0,0,0,0,0,0,0,0,0,0,0,0,0,0,0,0,0,0,0,0,0,0,0,0,0,0,0,0,0,0,0,0,4.441,5.004,5.567,6.484,7.025,8.223,9.119,11.035,11.604,13.145,14.794,16.749,17.575,19.224,22.429,23.812,25.184,25.209,24.352,22.327,22.626,21.568,20.313,19.179,19.538,18.537,18.093,18.445,18.056,17.731,18.353,16.853,17.219,16.978,17.43,17.341,17.42,16.277,15.903,15.436,13.593,12.761,11.003,9.881,8.647,6.695,5.478,4.892,3.198,2.566,1.854,1.4,0.852,0.564,0.286,0.135,0.118,0.06,0.04,0.061,0.021,0.016,0,0,0,0
2026-08-30 20:38:00,1,"Normal Scan","Normal Scan",0,"ON",1,1,1,737.2,5,20.5,96.7,52.1,0.0000000697451,0.0000182049,4.97,8954.6,8.8,736.5,1,"Up Scan","Positive",254,0,4.37,1.6,8,8,0,1,1,22.025,34.193,24.058,9.647,2.089,5025.46,48,21.4,NA,0,0,0,0,0,0,0,0,0,0,0,0,0,0,0,0,0,0,0,0,0,0,0,0,0,0,0,0,0,0,0,11708.736,9279.648,7404,6186.528,5702.016,5449.6,5499.328,5376.992,5723.104,5631.712,6114.624,6573.824,6612.768,6819.648,7188.384,7063.968,6519.2,5586.976,4908.832,4226.016,3572.736,2819.04,2199.904,1840.608,1608.128,1513.472,1438.56,1324.704,1359.36,1177.888,1067.68,889.024,939.04,827.616,737.44,776.256,782.88,714.144,716.224,753.536,688.384,626.656,552.896,513.472,416.16,319.584,241.408,232.032,154.144,121.216,88.032,62.24,51.04,39.904,30.688,15.84,9.792,11.872,1.728,3.584,0,0,0,0,0,0,0,0,0,0,0,0,0,0,0,0,0,0,0,0,0,0,0,0,0,0,0,0,0,0,0,0,0,0,0,3.602,4.643,5.379,5.831,6.414,7.378,8.757,10.616,12.271,15.114,17.129,21.007,25.375,28.399,32.332,37.283,39.982,39.952,37.052,35.103,32.578,29.626,25.236,21.326,19.35,18.083,17.884,18.015,17.816,18.822,17.786,17.275,15.656,17.173,16.356,15.587,15.968,15.855,14.92,13.973,13.966,12.71,11.137,9.661,8.598,6.799,5.182,3.868,3.605,2.322,1.755,1.299,0.87,0.674,0.515,0.387,0.196,0.119,0.141,0.02,0.041,0,0,0,0,0
2026-08-30 20:43:00,1,"Normal Scan","Normal Scan",0,"ON",1,1,1,736.9,5,20.1,96.7,52,0.0000000696241,0.0000181857,4.97,8954.6,8.8,736.5,1,"Up Scan","Positive",254,0,4.37,1.6,8,8,0,1,1,17.467,29.597,20.597,9.647,2.082,6343.68,48,21.2,NA,0,0,0,0,0,0,0,0,0,0,0,0,0,0,0,0,0,0,0,0,0,0,0,0,0,0,0,0,0,0,0,24388.64,18592.16,14990.752,11040.544,8657.024,6661.728,6313.472,6343.168,6135.36,6216.768,6129.44,6312.48,6814.112,6914.624,6929.696,7074.08,6713.344,5708.48,5155.488,4061.664,3418.112,2736.96,2361.888,1815.168,1818.688,1619.264,1537.728,1457.568,1405.664,1226.528,1116.512,1029.728,897.792,778.272,766.752,775.424,751.68,703.328,690.016,721.12,649.408,677.952,574.912,484.928,400.608,336.8,256.32,209.664,158.464,159.968,90.976,87.008,42.496,24.928,27.616,14.176,6.624,5.024,8.736,0,0,0,0,0,0,0,0,0,0,0,0,0,0,0,0,0,0,0,0,0,0,0,0,0,0,0,0,0,0,0,0,0,0,0,0,7.911,9.822,10.73,11.757,11.277,11.194,10.67,12.157,14.438,16.246,18.832,21.118,24.399,29.252,32.756,35.95,40.032,41.12,37.928,36.828,31.444,28.476,24.692,22.923,19.188,20.232,19.081,19.314,19.208,19.33,18.217,17.912,17.468,16.489,15.625,15.591,16.291,15.63,14.373,14.044,13.657,12.06,11.764,10.1,8.26,6.753,5.336,4.029,3.221,2.313,2.283,1.314,1.208,0.56,0.323,0.35,0.176,0.08,0.059,0.102,0,0,0,0,0,0
2026-08-30 20:48:00,1,"Normal Scan","Normal Scan",0,"ON",1,1,1,737.3,5,20.6,96.7,52.1,0.0000000697753,0.0000182097,4.97,8954.6,8.8,736.5,1,"Up Scan","Positive",254,0,4.37,1.6,8,8,0,1,1,16.436,31.638,20.847,9.647,2.219,5514.42,48,21.4,NA,0,0,0,0,0,0,0,0,0,0,0,0,0,0,0,0,0,0,0,0,0,0,0,0,0,0,0,0,0,0,0,27982.72,18529.408,12833.088,8221.408,6514.08,5404.8,4840.736,4370.56,4493.408,4292.768,4452.96,4820.672,4769.76,5189.344,5049.344,4988.48,4662.624,4095.488,3505.056,3183.296,2884.576,2656.672,2390.176,2322.432,2122.88,1985.248,1851.2,1615.84,1472.576,1374.912,1274.208,1101.824,994.88,969.088,903.392,824.96,833.472,748.576,772.48,722.624,719.008,666.688,568.352,475.936,472.128,382.144,286.72,255.36,191.744,143.744,109.216,59.52,45.92,28.032,13.824,7.904,4.896,6.752,0,1.792,0,0,0,0,0,0,0,0,0,0,0,0,0,0,0,0,0,0,0,0,0,0,0,0,0,0,0,0,0,0,0,0,0,0,0,10.169,11.179,10.619,10.052,8.43,8.453,8.615,9.332,9.945,11.846,12.999,15.307,18.579,20.436,24.533,26.23,28.31,28.819,27.483,25.607,25.102,24.542,24.3,23.335,24.105,23.522,23.28,22.845,21.306,20.76,20.438,19.976,18.971,18.005,18.212,17.974,17.173,16.818,15.292,15.582,13.941,13.29,12.006,10.039,8.157,7.556,6.04,4.364,3.773,2.796,2.047,1.514,0.815,0.639,0.362,0.174,0.098,0.06,0.08,0,0.021,0.03,0,0,0,0
2026-08-30 20:53:00,1,"Normal Scan","Normal Scan",0,"ON",1,1,1,736.9,5,20.1,96.7,52.5,0.0000000696241,0.0000181857,4.97,8954.6,8.8,736.5,1,"Up Scan","Positive",254,0,4.37,1.6,8,8,0,1,1,20.535,35.14,23.521,9.647,2.221,4501.9,48,21.2,NA,0,0,0,0,0,0,0,0,0,0,0,0,0,0,0,0,0,0,0,0,0,0,0,0,0,0,0,0,0,0,0,14626.816,11210.496,8627.296,6875.36,5518.912,4727.2,4026.592,4008.704,3889.248,4185.408,4375.872,4705.344,4847.552,4959.744,4978.496,4736.608,4378.816,3963.904,3443.776,3155.04,2750.88,2594.016,2532.512,2225.696,2194.4,1905.152,1786.528,1597.568,1412.768,1219.072,1189.696,1057.888,949.504,866.144,763.776,744.736,796.192,709.696,640.32,695.904,713.6,617.344,514.08,497.376,409.824,292.64,281.568,224.512,200.96,146.848,97.632,73.12,43.904,29.536,21.28,11.168,1.632,6.752,1.728,1.792,0,0,0,0,0,0,0,0,0,0,0,0,0,0,0,0,0,0,0,0,0,0,0,0,0,0,0,0,0,0,0,0,0,0,0,3.798,5.962,6.514,6.795,7.082,7.128,7.576,7.757,9.11,10.291,12.687,15.045,18.121,20.786,23.506,25.882,26.886,27.1,26.682,25.135,24.93,23.416,23.734,24.577,23.049,24.008,22.246,22.071,20.965,19.576,18.184,18.622,17.911,16.933,16.695,15.818,15.477,16.008,14.593,13.133,13.259,13.065,11.211,9.347,8.349,6.778,4.689,4.371,3.38,2.896,2.084,1.376,0.999,0.579,0.382,0.27,0.138,0.02,0.08,0.02,0.021,0,0,0,0,0
2026-08-30 20:58:00,1,"Normal Scan","Normal Scan",0,"ON",1,1,1,737.3,5,20.6,96.7,52.1,0.0000000697753,0.0000182097,4.97,8954.6,8.8,736.5,1,"Up Scan","Positive",254,0,4.37,1.6,8,8,0,1,1,20.54,33.353,23.291,9.647,2.102,5361.33,49,21.3,NA,0,0,0,0,0,0,0,0,0,0,0,0,0,0,0,0,0,0,0,0,0,0,0,0,0,0,0,0,0,0,0,14395.008,10448.544,8181.088,7143.712,6355.68,6368.224,6016.672,6542.048,7084.736,6615.68,6670.784,6465.856,6839.552,6602.112,6699.264,6532.896,5804.16,4803.072,4225.696,3930.176,3340.928,2887.264,2534.336,2229.696,2059.328,1970.304,1705.568,1526.624,1509.472,1305.216,1117.44,1076.928,987.84,876.224,741.088,808.576,786.4,682.208,722.368,707.68,678.272,651.488,523.84,479.488,431.872,344.832,297.504,223.84,164.32,149.024,96.352,75.36,61.632,28.096,16.864,17.472,9.728,6.784,1.728,3.584,0,0,0,0,0,0,0,0,0,0,0,0,0,0,0,0,0,0,0,0,0,0,0,0,0,0,0,0,0,0,0,0,0,0,0,4.494,5.802,6.063,6.479,7.366,8.274,10.168,11.58,14.853,18.677,19.999,22.879,24.911,29.258,31.178,34.742,36.952,35.726,32.109,30.547,30.624,28.119,26.079,24.556,23.256,22.676,22.931,21.201,20.161,20.655,19.318,17.956,18.018,17.896,16.702,15.474,16.746,15.91,14.196,14.462,13.616,12.677,11.646,9.35,8.133,7.176,5.623,4.564,3.368,2.527,2.117,1.362,1.043,0.846,0.362,0.213,0.216,0.119,0.08,0.02,0.041,0.03,0,0,0,0
2026-08-30 21:03:00,1,"Normal Scan","Normal Scan",0,"ON",1,1,1,737,5,20.2,96.7,52.7,0.0000000696543,0.0000181905,4.97,8954.6,8.8,736.5,1,"Up Scan","Positive",254,0,4.37,1.6,8,8,0,1,1,22.003,33.514,23.786,9.647,2.073,5348.07,48,21.2,NA,0,0,0,0,0,0,0,0,0,0,0,0,0,0,0,0,0,0,0,0,0,0,0,0,0,0,0,0,0,0,0,13154.08,10282.56,7400.704,7079.072,5951.392,5802.4,6309.376,6062.688,6103.616,5722.624,5744.672,6277.216,6595.328,6791.2,7111.264,7747.104,7624.48,6982.208,5648,4594.464,3582.336,2885.6,2238.112,2132.256,1801.248,1697.824,1582.208,1458.624,1254.72,1158.976,1093.056,1050.912,896.16,859.136,802.912,713.152,662.688,695.936,643.744,661.568,679.168,624.736,587.584,499.52,445.888,341.408,291.008,196.064,196.256,131.008,84.704,90.368,48.544,29.504,15.328,3.136,6.592,6.72,5.216,0,0,0,0,0,0,0,0,0,0,0,0,0,0,0,0,0,0,0,0,0,0,0,0,0,0,0,0,0,0,0,0,0,0,0,0,3.507,5.278,5.952,5.861,7.295,7.74,9.31,12.135,13.791,16.095,17.368,19.807,24.324,28.447,32.285,37.018,43.769,46.666,46.154,40.377,35.416,29.851,25.965,21.724,21.929,19.957,20.109,19.689,19.176,17.864,17.325,17.226,17.601,16.144,16.508,16.358,15.156,14.563,14.417,13.549,12.766,12.464,11.374,10.195,8.337,7.374,5.512,4.461,2.93,2.782,1.922,1.2,1.227,0.658,0.382,0.193,0.039,0.079,0.08,0.061,0,0.016,0,0,0,0
2026-08-30 21:08:00,1,"Normal Scan","Normal Scan",0,"ON",1,1,1,737.2,5,20.5,96.7,52,0.0000000697451,0.0000182049,4.97,8954.6,8.8,736.5,1,"Up Scan","Positive",254,0,4.37,1.6,8,8,0,1,1,18.247,26.806,20.022,9.647,1.928,8094.75,49,21.3,NA,0,0,0,0,0,0,0,0,0,0,0,0,0,0,0,0,0,0,0,0,0,0,0,0,0,0,0,0,0,0,0,29989.696,21115.2,16348.544,12567.616,10559.872,9056.672,8813.568,8719.392,9319.712,8873.664,9569.184,10103.264,9989.344,10165.12,10565.536,10759.04,9935.104,8521.696,7064.096,5956,4605.888,3531.264,2727.104,2081.152,1681.12,1514.72,1281.376,1111.776,1082.464,959.456,821.056,701.92,655.68,644.352,603.104,624.256,685.632,635.616,634.944,659.744,639.2,556.384,486.912,433.184,372.896,289.984,253.536,210.496,180.032,110.144,80.608,69.536,50.144,25.184,12.224,7.904,6.56,5.056,3.488,3.616,0,0,0,0,0,0,0,0,0,0,0,0,0,0,0,0,0,0,0,0,0,0,0,0,0,0,0,0,0,0,0,0,0,0,0,12.135,12.013,12.15,12.89,12.954,13.739,14.504,17.013,19.826,24.632,26.91,32.883,38.968,42.858,48.125,54.79,60.682,60.693,56.264,50.195,45.467,37.805,31.061,25.71,21.19,18.355,17.465,15.737,14.615,15.115,14.407,13.694,12.889,12.737,13.315,13.247,13.305,14.05,13.122,12.711,12.427,11.82,10.08,8.584,7.298,6.149,4.722,3.897,3.139,2.59,1.604,1.131,0.982,0.658,0.324,0.155,0.098,0.079,0.06,0.041,0.041,0,0,0,0,0
2026-08-30 21:13:00,1,"Normal Scan","Normal Scan",0,"ON",1,1,1,737.1,5,20.4,96.7,52.5,0.0000000697148,0.0000182001,4.97,8954.6,8.8,736.5,1,"Up Scan","Positive",254,0,4.37,1.6,8,8,0,1,1,18.547,28.953,20.847,9.647,1.995,5639.89,48,21.2,NA,0,0,0,0,0,0,0,0,0,0,0,0,0,0,0,0,0,0,0,0,0,0,0,0,0,0,0,0,0,0,0,17570.304,13891.008,10786.176,8394.528,7871.392,6889.888,6977.568,7069.888,6913.76,6829.024,6795.584,6934.752,6876.448,6807.712,7068.064,7179.52,6857.888,5522.976,4762.944,3944.128,3011.392,2398.784,1851.968,1608.864,1338.208,1193.984,997.184,969.568,849.856,742.24,628.48,594.752,556.576,552.064,585.568,529.024,590.496,592.384,663.552,632.128,569.152,553.056,481.536,452.064,345.12,307.136,230.624,198.08,173.664,105.952,95.264,50.688,30.848,20.64,13.76,7.872,3.296,1.696,1.728,3.616,0,0,0,0,0,0,0,0,0,0,0,0,0,0,0,0,0,0,0,0,0,0,0,0,0,0,0,0,0,0,0,0,0,0,0,6.22,7.02,8.053,8.528,8.64,10.235,11.057,13.426,16.056,18.25,20.62,23.345,26.75,29.471,32.21,36.643,40.486,41.892,36.531,33.953,30.247,24.865,21.244,17.715,16.45,14.592,13.779,12.36,12.781,12.138,11.523,10.913,11.116,11.611,11.894,12.577,12.036,12.599,12.467,13.066,11.881,10.741,9.841,8.382,7.647,5.581,4.789,3.511,2.997,2.494,1.498,1.332,0.698,0.458,0.267,0.174,0.098,0.04,0.02,0.02,0.041,0.032,0,0,0,0
2026-08-30 21:18:00,1,"Normal Scan","Normal Scan",0,"ON",1,1,1,737.1,5,20.3,96.8,52.1,0.0000000696126,0.0000181953,4.97,8954.6,8.8,736.5,1,"Up Scan","Positive",254,0,4.37,1.6,8,8,0,1,1,15.034,29.091,19.459,9.647,2.135,4713.33,49,21.2,NA,0,0,0,0,0,0,0,0,0,0,0,0,0,0,0,0,0,0,0,0,0,0,0,0,0,0,0,0,0,0,0,23596.096,15215.296,12718.784,8255.136,6409.408,5684.736,5445.536,4658.976,4242.976,4711.936,4193.44,3935.136,3890.016,3812.384,3741.216,4091.136,3903.2,3496.288,2898.688,2441.248,2191.488,1836.928,1653.344,1570.496,1318.56,1273.312,1044.032,972.608,865.504,781.632,768.128,664.032,696.032,663.616,649.088,609.792,604.32,634.816,583.04,562.208,598.56,545.568,421.152,416.512,323.904,304.928,226.912,192.896,158.592,127.52,83.616,59.232,22.528,16.928,13.696,17.408,6.496,1.696,0,3.616,0,0,0,0,0,0,0,0,0,0,0,0,0,0,0,0,0,0,0,0,0,0,0,0,0,0,0,0,0,0,0,0,0,0,0,7.818,9.511,8.801,10.008,8.488,8.314,9.114,10.475,10.563,11.204,14.244,14.354,15.198,16.696,18.064,19.448,23.205,23.998,23.312,20.983,19.033,18.463,16.571,15.922,16.107,14.548,14.934,13.084,13.127,12.583,12.345,12.713,12.171,13.208,12.922,13.439,13.041,12.363,12.9,11.628,11.019,11.068,9.61,7.562,7.103,5.454,4.671,3.434,2.906,2.404,1.773,1.157,0.813,0.329,0.219,0.174,0.216,0.079,0.02,0,0.041,0.016,0,0,0,0
2026-08-30 21:23:00,1,"Normal Scan","Normal Scan",0,"ON",1,1,1,737.2,5,20.5,96.7,52.5,0.0000000697451,0.0000182049,4.97,8954.6,8.8,736.5,1,"Up Scan","Positive",254,0,4.37,1.6,8,8,0,1,1,16.485,29.911,20.241,9.647,2.116,4118.15,48,21.3,NA,0,0,0,0,0,0,0,0,0,0,0,0,0,0,0,0,0,0,0,0,0,0,0,0,0,0,0,0,0,0,0,17969.184,11716.8,9336.128,7277.28,5654.72,5020.416,4617.696,4592.032,4050.624,4000.32,4030.208,4295.008,3874.848,3881.472,4130.784,4156.64,3900.448,3474.496,2972.128,2384.608,2033.824,1710.272,1560.096,1397.728,1192.16,1019.2,930.464,818.272,729.44,602.592,534.976,480.992,541.728,490.752,503.2,450.24,545.504,503.168,505.984,510.048,505.568,536,477.056,406.304,306.496,293.504,210.848,176.576,125.12,124.896,69.184,68.608,27.2,16.128,21.44,11.072,4.864,1.696,1.76,0,0,0,0,0,0,0,0,0,0,0,0,0,0,0,0,0,0,0,0,0,0,0,0,0,0,0,0,0,0,0,0,0,0,0,0,6.695,7.195,6.757,7.355,7.514,7.352,8.002,8.877,10.379,10.685,12.115,13.822,16.554,16.661,18.402,21.403,23.51,23.959,23.154,21.391,18.537,16.97,15.38,14.953,14.197,12.943,11.724,11.472,10.852,10.548,9.409,9.421,9.259,10.572,10.416,10.942,10.644,11.833,10.846,10.355,10.074,9.402,9.447,8.239,6.81,5.206,4.546,3.183,2.719,1.861,1.742,0.967,0.926,0.357,0.21,0.271,0.137,0.06,0.02,0.02,0,0,0,0,0,0
2026-08-30 21:28:00,1,"Normal Scan","Normal Scan",0,"ON",1,1,1,736.9,5,20.1,96.7,52.2,0.0000000696241,0.0000181857,4.97,8954.6,8.8,736.5,1,"Up Scan","Positive",254,0,4.37,1.6,8,8,0,1,1,19.141,28.207,20.808,9.647,1.961,5877.04,48,21.1,NA,0,0,0,0,0,0,0,0,0,0,0,0,0,0,0,0,0,0,0,0,0,0,0,0,0,0,0,0,0,0,0,20695.488,15176.864,10177.216,8119.264,6865.696,6567.296,6558.272,6458.304,6626.592,6698.208,6658.624,6935.328,7332.8,7494.08,7214.624,7823.584,7948.512,6977.312,5999.168,4907.744,3704.192,3028.48,2221.888,1733.568,1380.48,1069.216,971.2,773.984,711.232,596.992,544.352,567.584,542.72,561.568,571.648,536.8,538.016,461.952,496,528.544,474.848,518.304,450.4,404.768,330.176,291.264,216.512,163.264,145.44,87.872,73.824,49.696,41.472,13.216,4.576,9.472,11.36,1.696,0,1.792,0,0,0,0,0,0,0,0,0,0,0,0,0,0,0,0,0,0,0,0,0,0,0,0,0,0,0,0,0,0,0,0,0,0,0,7.349,8.265,8.765,8.007,8.329,8.905,10.54,12.617,14.695,17.533,20.294,22.928,26.8,31.557,35.586,37.591,44.264,48.643,46.086,42.613,37.419,30.316,26.522,20.796,17.349,14.804,12.36,12.034,10.534,10.496,9.559,9.63,10.272,10.561,11.315,11.742,11.782,11.519,10.244,10.373,10.182,8.989,9.158,7.679,6.726,5.411,4.631,3.225,2.378,2.202,1.239,1.022,0.686,0.545,0.172,0.058,0.118,0.139,0.02,0,0.021,0,0,0,0,0
2026-08-30 21:33:00,1,"Normal Scan","Normal Scan",0,"ON",1,1,1,737.3,5,20.6,96.7,52.2,0.0000000697753,0.0000182097,4.97,8954.6,8.8,736.5,1,"Up Scan","Positive",254,0,4.37,1.6,8,8,0,1,1,16.127,25.698,18.726,9.647,1.947,5528.9,48,21.3,NA,0,0,0,0,0,0,0,0,0,0,0,0,0,0,0,0,0,0,0,0,0,0,0,0,0,0,0,0,0,0,0,25127.2,18091.936,12389.056,8849.376,7319.424,6265.184,6311.84,6581.824,6440.768,6560.96,6990.72,6768.544,6171.584,5536.16,5527.008,5409.44,5151.392,4741.024,3735.52,3295.744,2594.208,2059.872,1557.568,1331.2,1157.728,1013.088,776.928,705.728,566.656,499.008,493.504,533.664,421.6,422.112,420.576,434.656,403.36,424.192,447.712,432.128,438.752,459.68,430.816,358.784,304.512,227.168,211.776,151.072,119.872,72.896,73.792,44.192,32.896,14.784,12.16,4.736,1.6,3.392,1.728,0,0,0,0,0,0,0,0,0,0,0,0,0,0,0,0,0,0,0,0,0,0,0,0,0,0,0,0,0,0,0,0,0,0,0,0,9.5,10.044,10.466,9.728,9.061,9.489,10.036,12.117,14.931,17.001,19.814,23.9,25.974,26.399,26.185,28.665,30.598,31.543,31.325,26.675,25.284,21.395,18.146,14.755,13.382,12.389,11.702,9.683,9.386,8.212,8.05,8.325,9.489,8.532,9.011,9.161,9.863,9.372,9.394,9.184,8.457,8.246,8.174,7.207,6.124,4.868,3.603,3.224,2.231,1.731,1.023,1.04,0.593,0.432,0.191,0.155,0.059,0.02,0.04,0.02,0,0,0,0,0,0
2026-08-30 21:38:00,1,"Normal Scan","Normal Scan",0,"ON",1,1,1,737,5,20.1,96.8,52.4,0.0000000695522,0.0000181857,4.97,8954.6,8.8,736.5,1,"Up Scan","Positive",254,0,4.37,1.6,8,8,0,1,1,17.311,31.756,21.295,9.647,2.147,3119.32,48,21.1,NA,0,0,0,0,0,0,0,0,0,0,0,0,0,0,0,0,0,0,0,0,0,0,0,0,0,0,0,0,0,0,0,9918.784,8267.136,6263.648,6034.944,5154.144,4463.712,3875.264,3617.12,3803.68,3531.808,3255.872,3156.832,2970.048,2807.104,2792,2725.152,2501.28,2500.768,1999.136,2114.688,1829.024,1648.544,1491.68,1352.768,1160.256,1034.272,780.096,658.656,561.984,447.296,437.12,358.464,404.832,388.96,354.24,364.928,461.856,502.304,491.712,473.056,471.264,445.824,400.672,319.872,269.888,253.024,180.48,148.576,102.944,81.696,58.464,43.776,35.488,16.192,17.856,6.848,4.896,0,5.216,0,0,0,0,0,0,0,0,0,0,0,0,0,0,0,0,0,0,0,0,0,0,0,0,0,0,0,0,0,0,0,0,0,0,0,0,2.75,3.945,4.783,4.956,6.214,6.678,7.139,7.456,8.222,10.02,10.648,11.168,12.132,12.747,13.294,14.586,15.539,15.559,16.822,14.575,16.527,15.337,14.694,14.097,13.598,12.359,11.642,9.451,8.695,8.131,7.269,7.601,7.589,8.682,8.585,8.5,8.782,9.95,10.166,9.709,9.061,8.658,7.799,6.895,5.323,4.456,4.035,2.81,2.226,1.556,1.15,0.84,0.593,0.489,0.21,0.226,0.084,0.06,0,0.061,0,0.033,0,0,0,0
2026-08-30 21:43:00,1,"Normal Scan","Normal Scan",0,"ON",1,1,1,737.3,5,20.6,96.8,51.9,0.0000000697032,0.0000182097,4.97,8954.6,8.8,736.5,1,"Up Scan","Positive",254,0,4.37,1.6,8,8,0,1,1,17.873,34.47,22.427,9.647,2.237,2633.28,48,21.3,NA,0,0,0,0,0,0,0,0,0,0,0,0,0,0,0,0,0,0,0,0,0,0,0,0,0,0,0,0,0,0,0,8228.544,7190.208,5529.952,4456,3670.048,3810.912,3136.032,2993.376,2958.88,2682.496,2503.776,2360.224,2137.344,2108.032,2081.92,2343.872,2206.56,2099.552,2102.144,1844.832,1647.168,1654.528,1461.216,1354.72,1206.688,919.008,831.072,624.672,594.112,462.24,470.656,398.176,369.6,326.112,371.936,373.664,431.04,450.784,445.024,493.056,453.856,459.232,387.968,345.024,298.56,283.68,180.192,150.784,108.704,96.576,52.992,35.84,21.792,16.32,15.264,7.936,8.128,3.36,3.52,5.12,0,0,0,0,0,0,0,0,0,0,0,0,0,0,0,0,0,0,0,0,0,0,0,0,0,0,0,0,0,0,0,0,0,0,0,2.501,3.312,4.193,4.362,4.548,4.762,6.077,6.044,6.774,7.79,8.101,8.573,9.085,9.201,10.045,10.915,13.389,13.767,14.201,15.331,14.513,13.828,14.78,13.795,13.636,12.821,10.508,10.074,8.288,8.33,7.371,7.996,7.924,7.915,7.852,8.773,9.01,9.487,9.571,9.191,9.628,8.381,8.065,6.613,5.775,4.806,4.36,2.767,2.312,1.661,1.366,0.746,0.519,0.32,0.21,0.193,0.098,0.099,0.04,0.041,0.046,0.014,0,0,0,0
2026-08-30 21:48:00,1,"Normal Scan","Normal Scan",0,"ON",1,1,1,737,5,20.2,96.8,52.3,0.0000000695824,0.0000181905,4.97,8954.6,8.8,736.5,1,"Up Scan","Positive",254,0,4.37,1.6,8,8,0,1,1,17.206,31.597,21.008,9.647,2.169,3007.31,48,21.2,NA,0,0,0,0,0,0,0,0,0,0,0,0,0,0,0,0,0,0,0,0,0,0,0,0,0,0,0,0,0,0,0,12710.688,8256.832,6302.912,5051.808,3962.24,3705.312,3218.656,3292.128,3084.096,3502.24,3295.264,2933.664,2908.352,2533.44,2551.008,2559.872,2507.072,2355.328,2138.624,1904.704,1745.92,1568,1527.552,1294.912,1198.656,938.56,734.56,616.416,513.984,429.152,428.768,372.96,364.224,372.064,395.36,371.936,410.304,455.776,436.128,461.504,479.136,437.92,414.656,356.672,259.616,222.496,167.104,133.504,111.68,59.712,43.232,60.8,30.176,17.792,13.696,3.2,8.16,1.696,0,1.824,0,0,0,0,0,0,0,0,0,0,0,0,0,0,0,0,0,0,0,0,0,0,0,0,0,0,0,0,0,0,0,0,0,0,0,4.08,5.103,4.771,4.95,5.165,5.137,5.923,6.216,7.46,8.149,10.572,11.277,11.273,12.469,12.051,13.31,14.586,15.546,15.861,15.566,14.953,14.608,13.961,14.408,12.935,12.656,10.7,8.977,8.204,7.512,6.975,7.536,7.422,7.839,8.429,9.058,8.729,9.289,9.566,8.727,8.702,8.681,7.693,6.942,5.725,4.374,3.549,2.595,2,1.626,0.88,0.602,0.815,0.414,0.229,0.174,0.039,0.099,0.02,0,0.021,0,0,0,0,0
2026-08-30 21:53:00,1,"Normal Scan","Normal Scan",0,"ON",1,1,1,737,5,20.2,96.8,51.7,0.0000000695824,0.0000181905,4.97,8954.6,8.8,736.5,1,"Up Scan","Positive",254,0,4.37,1.6,8,8,0,1,1,19.267,32.211,22.18,9.647,2.102,3149.28,48,21.1,NA,0,0,0,0,0,0,0,0,0,0,0,0,0,0,0,0,0,0,0,0,0,0,0,0,0,0,0,0,0,0,0,8575.584,7528.16,5359.584,5035.776,4520.32,4329.504,3975.072,3596.512,3484.768,3608.192,3696.704,3977.056,3690.368,3454.176,3362.208,3249.376,3160.448,3099.392,2755.712,2381.504,2055.68,1703.136,1555.008,1334.912,1166.176,1005.184,721.728,660.256,510.368,398.944,376.224,365.44,385.568,332.224,424.736,368.416,428.704,437.632,396.928,465.984,416.992,437.472,399.072,345.248,281.184,246.464,194.336,141.024,135.68,82.784,55.84,30.336,27.968,8.896,13.792,9.472,8.16,5.088,1.728,1.792,0,0,0,0,0,0,0,0,0,0,0,0,0,0,0,0,0,0,0,0,0,0,0,0,0,0,0,0,0,0,0,0,0,0,0,2.75,3.411,4.37,4.209,5.197,5.912,6.937,7.654,8.195,9.22,10.918,12.681,15.284,15.811,16.389,17.522,18.49,19.534,20.696,19.865,18.496,17.121,15.088,14.688,13.277,12.33,11.295,8.821,8.705,7.445,6.611,6.908,7.312,7.941,7.776,9.19,8.791,9.503,9.423,8.48,8.844,7.957,7.768,6.845,5.679,4.513,3.881,2.908,2.156,2.015,1.204,0.815,0.424,0.385,0.115,0.174,0.118,0.099,0.06,0.02,0.021,0.016,0,0,0,0
2026-08-30 21:58:00,1,"Normal Scan","Normal Scan",0,"ON",1,1,1,737.2,5,20.4,96.8,52.1,0.0000000696428,0.0000182001,4.97,8954.6,8.8,736.5,1,"Up Scan","Positive",254,0,4.37,1.6,8,8,0,1,1,20.662,36.422,24.104,9.647,2.224,2352.85,47,21.2,NA,0,0,0,0,0,0,0,0,0,0,0,0,0,0,0,0,0,0,0,0,0,0,0,0,0,0,0,0,0,0,0,6575.968,4610.88,3815.2,3786.432,3083.264,3104.512,2811.744,2614.144,2491.968,2339.616,2242.208,2300.288,2171.936,2292.576,2472.16,2504.032,2487.808,2463.584,2098.976,1953.312,1719.968,1619.2,1373.184,1312.192,1186.88,964.928,774.944,580.736,496.896,401.312,402.56,346.656,343.488,333.76,383.84,333.632,397.344,386.944,464.928,465.632,418.08,437.312,373.376,377.44,279.168,203.904,181.408,157.408,99.264,91.936,49.536,26.816,28.736,22.08,11.104,7.456,9.76,6.784,0,0,0,0,0,0,0,0,0,0,0,0,0,0,0,0,0,0,0,0,0,0,0,0,0,0,0,0,0,0,0,0,0,0,0,0,0,1.837,2.639,2.665,3.017,3.914,3.965,4.955,5.393,5.905,6.555,7.08,7.704,8.898,9.391,10.916,12.913,14.285,15.433,16.535,15.29,15.326,14.418,14.431,12.954,13.077,12.516,10.849,9.372,7.656,7.163,6.709,7.08,6.808,7.543,7.862,8.713,8.13,8.948,8.759,9.147,8.945,7.802,7.606,6.561,6.149,4.425,3.294,2.816,2.342,1.533,1.326,0.704,0.359,0.414,0.286,0.141,0.093,0.119,0.08,0,0,0.03,0,0,0,0
2026-08-30 22:03:00,1,"Normal Scan","Normal Scan",0,"ON",1,1,1,737,5,20.2,96.8,51.5,0.0000000695824,0.0000181905,4.97,8954.6,8.8,736.5,1,"Up Scan","Positive",254,0,4.37,1.6,8,8,0,1,1,20.105,36.287,24.14,9.647,2.214,2316.48,47,21.1,NA,0,0,0,0,0,0,0,0,0,0,0,0,0,0,0,0,0,0,0,0,0,0,0,0,0,0,0,0,0,0,0,5339.072,4296.48,4218.528,3180.512,3645.952,3412.224,3047.488,3117.76,2555.904,2526.688,2500.736,2330.048,2339.936,2245.344,2307.52,2038.368,2054.176,1987.232,1915.776,1757.376,1737.92,1561.824,1464.96,1374.912,1215.904,903.68,844.544,605.312,528.032,424.448,388.384,425.312,348.672,389.856,377.056,409.12,407.744,373.792,423.296,400.128,499.168,383.776,351.68,330.176,297.152,229.472,183.2,107.648,99.968,87.296,48.064,33.408,25.728,10.272,7.68,0,0,3.392,3.488,3.584,0,0,0,0,0,0,0,0,0,0,0,0,0,0,0,0,0,0,0,0,0,0,0,0,0,0,0,0,0,0,0,0,0,0,0,2.054,2.141,2.514,3.355,3.279,4.726,5.477,5.849,7.059,6.748,7.627,8.566,8.981,10.05,10.669,12.033,11.704,12.833,13.468,14.056,13.883,14.548,13.974,13.84,13.776,12.807,10.284,10.223,8.06,7.649,6.928,7.033,7.864,7.453,8.261,8.856,9.026,8.869,8.197,8.863,7.916,8.727,6.707,6.045,5.444,4.661,3.583,2.744,1.626,1.404,1.226,0.707,0.482,0.339,0.133,0.097,0,0,0.04,0.041,0.041,0,0,0,0,0
2026-08-30 22:08:00,1,"Normal Scan","Normal Scan",0,"ON",1,1,1,737.3,5,20.5,96.8,51.7,0.000000069673,0.0000182049,4.97,8954.6,8.8,736.5,1,"Up Scan","Positive",254,0,4.37,1.6,8,8,0,1,1,21.152,35.848,24.308,9.647,2.176,2469.62,47,21.2,NA,0,0,0,0,0,0,0,0,0,0,0,0,0,0,0,0,0,0,0,0,0,0,0,0,0,0,0,0,0,0,0,6070.048,4703.008,4128.352,3428.192,3166.08,2867.04,2846.304,3035.648,2799.488,2627.52,2848.32,2525.888,2613.184,2490.048,2516.448,2436.352,2741.344,2526.976,2426.784,2142.752,2031.424,1786.88,1529.536,1441.44,1285.6,1097.952,857.952,749.568,519.968,464.768,413.312,330.752,340.8,332.32,319.712,312.416,311.392,343.488,440.864,395.648,413.376,430.496,429.792,345.12,314.432,203.392,193.376,144.832,88.864,65.472,54.784,25.056,27.392,16.192,15.296,11.008,1.664,0,0,1.792,0,0,0,0,0,0,0,0,0,0,0,0,0,0,0,0,0,0,0,0,0,0,0,0,0,0,0,0,0,0,0,0,0,0,0,2.14,2.439,2.714,3.249,3.521,4.128,4.611,5.483,6.889,7.394,7.926,9.731,9.744,11.242,11.873,13.173,13.998,17.016,16.995,17.624,16.805,17.007,15.946,14.529,14.342,13.537,12.278,10.218,9.485,7.425,7.111,6.957,6.465,7.326,7.577,7.74,7.81,8.044,7.997,8.984,7.843,7.654,7.465,7.07,5.723,4.876,3.24,2.918,2.256,1.318,0.923,0.748,0.352,0.395,0.21,0.193,0.137,0.02,0,0,0.021,0.03,0,0,0,0
2026-08-30 22:13:00,1,"Normal Scan","Normal Scan",0,"ON",1,1,1,736.9,5,20,96.8,51.2,0.000000069522,0.0000181809,4.97,8954.6,8.8,736.5,1,"Up Scan","Positive",254,0,4.37,1.6,8,8,0,1,1,20.156,35.757,24.002,10.366,2.199,2406.63,47,21.1,NA,0,0,0,0,0,0,0,0,0,0,0,0,0,0,0,0,0,0,0,0,0,0,0,0,0,0,0,0,0,0,0,5012.064,5364.992,4760.512,3754.624,3425.856,3609.344,3080.384,2553.44,2609.696,2598.56,2396.704,2203.2,1944.352,2052.992,2125.12,2427.776,2431.744,2390.368,2293.024,2190.88,1846.016,1758.784,1582.304,1457.824,1324.352,1011.104,835.104,648.416,507.616,447.904,424.48,353.184,314.528,336.992,331.136,334.944,341.888,372.32,409.024,398.048,386.464,490.784,379.872,367.296,271.264,241.536,177.984,140.352,106.944,59.68,49.504,33.152,17.216,17.728,6.112,4.736,0,0,0,0,0,0,0,0,0,0,0,0,0,0,0,0,0,0,0,0,0,0,0,0,0,0,0,0,0,0,0,0,0,0,0,0,0,0,0,1.951,2.042,3.16,3.75,3.861,4.437,5.783,5.899,5.804,6.89,7.839,8.244,8.514,8.417,9.848,11.206,13.914,15.158,16.14,16.716,17.186,15.463,15.669,14.91,14.471,13.996,11.368,9.92,8.443,7.242,7.021,7.164,6.798,7.079,7.469,7.725,8.607,8.126,8.456,8.357,7.964,7.274,8.305,6.41,5.906,4.315,3.676,2.709,2.061,1.526,0.826,0.675,0.445,0.226,0.229,0.077,0.059,0,0,0,0,0,0,0,0,0
2026-08-30 22:18:00,1,"Normal Scan","Normal Scan",0,"ON",1,1,1,737.3,5,20.5,96.8,51.2,0.000000069673,0.0000182049,4.97,8954.6,8.8,736.5,1,"Up Scan","Positive",254,0,4.37,1.6,8,8,0,1,1,18.522,32.773,22.406,9.647,2.138,2910.18,47,21.2,NA,0,0,0,0,0,0,0,0,0,0,0,0,0,0,0,0,0,0,0,0,0,0,0,0,0,0,0,0,0,0,0,7751.808,6616.512,6423.872,4885.888,4371.392,4007.584,3922.624,3570.72,3341.504,3048.032,3051.296,2785.376,2549.504,2416.384,2370.816,2587.488,2392.576,2269.408,2513.728,2586.656,2514.848,2177.088,1916.064,1596.704,1379.584,1165.408,946.56,700.608,543.456,457.632,405.76,386.464,313.152,326.048,359.04,327.904,304.16,378.112,381.12,372.288,379.488,414.752,425.76,331.232,275.264,245.664,179.232,143.872,113.408,51.136,63.328,33.088,17.408,13.344,10.72,4.736,4.864,1.696,0,1.792,0,0,0,0,0,0,0,0,0,0,0,0,0,0,0,0,0,0,0,0,0,0,0,0,0,0,0,0,0,0,0,0,0,0,0,2.324,3.1,3.907,5.073,5.011,5.685,6.41,7.537,8.1,8.788,9.184,10.464,10.714,10.949,11.532,12.506,14.942,15.045,15.473,18.349,20.167,20.945,19.291,17.948,15.841,14.506,12.984,11.216,8.949,7.727,7.163,6.723,7.182,6.902,7.279,8.003,8.026,7.874,8.368,8.072,7.607,7.039,7.325,7.059,5.51,4.404,3.757,2.688,2.173,1.679,0.718,0.877,0.462,0.263,0.172,0.135,0.059,0.06,0.02,0,0.021,0.03,0,0,0,0
2026-08-30 22:23:00,1,"Normal Scan","Normal Scan",0,"ON",1,1,1,737,5,20.1,96.8,51,0.0000000695522,0.0000181857,4.97,8954.6,8.8,736.5,1,"Up Scan","Positive",254,0,4.37,1.6,8,8,0,1,1,19.637,31.593,22.326,9.647,2.06,3498.81,47,21.1,NA,0,0,0,0,0,0,0,0,0,0,0,0,0,0,0,0,0,0,0,0,0,0,0,0,0,0,0,0,0,0,0,7986.464,7859.008,7664.16,5944.448,4982.08,4503.072,4075.392,3733.088,3909.024,3913.344,3906.272,3562.048,3607.552,3482.048,3861.664,3965.92,4054.336,3961.504,3571.04,3131.584,2692.16,2252.32,1881.952,1672.736,1449.248,1112.896,913.024,685.6,616.256,480.832,401.696,320.8,354.112,322.24,385.376,360.992,376.576,396.352,345.248,438.944,418.272,427.456,399.744,346.464,304.512,256.768,172.384,154.4,98.624,64.576,64.064,38.176,25.696,26.56,7.68,9.472,4.864,3.36,3.52,1.792,0,0,0,0,0,0,0,0,0,0,0,0,0,0,0,0,0,0,0,0,0,0,0,0,0,0,0,0,0,0,0,0,0,0,0,2.511,3.174,4.558,6.067,6.081,6.475,7.185,7.86,8.489,10.32,11.84,13.419,13.769,15.582,16.637,20.193,22.64,25.039,26.45,25.739,24.273,22.286,19.871,17.678,16.659,15.171,12.426,10.811,8.895,8.587,7.462,7.089,6.498,7.289,7.553,8.644,8.616,8.75,8.79,7.788,8.468,7.919,7.472,6.759,5.725,4.931,3.994,2.713,2.316,1.485,0.931,0.883,0.552,0.339,0.344,0.097,0.118,0.06,0.04,0.041,0.021,0,0,0,0,0
2026-08-30 22:28:00,1,"Normal Scan","Normal Scan",0,"ON",1,1,1,737.3,5,20.6,96.8,51,0.0000000697032,0.0000182097,4.97,8954.6,8.8,736.5,1,"Up Scan","Positive",254,0,4.37,1.6,8,8,0,1,1,19.796,29.542,21.591,9.647,2.001,5207.24,47,21.2,NA,0,0,0,0,0,0,0,0,0,0,0,0,0,0,0,0,0,0,0,0,0,0,0,0,0,0,0,0,0,0,0,17211.84,12936.544,9679.2,7532.448,6147.968,5609.056,5211.616,5712.192,5369.92,5343.488,5420.736,5317.216,5516.128,5907.424,6210.72,6441.12,6224.608,6365.664,5877.216,5256.032,4378.496,3410.016,2789.568,2237.568,1856.288,1545.6,1223.616,959.2,764.128,583.104,491.36,461.536,416.928,373.504,397.472,398.848,394.656,419.2,479.072,477.472,489.536,465.536,483.52,414.336,352.224,310.56,226.816,160.224,128.128,61.088,76.512,27.84,39.968,13.344,18.304,3.2,4.896,1.664,5.216,0,0,0,0,0,0,0,0,0,0,0,0,0,0,0,0,0,0,0,0,0,0,0,0,0,0,0,0,0,0,0,0,0,0,0,0,5.771,6.86,7.518,7.633,7.721,7.962,8.973,10.04,12.971,14.167,16.188,18.663,20.58,23.853,28.191,32.541,36.73,38.41,42.368,42.055,40.367,35.992,29.944,26.092,22.124,19.438,17.141,14.428,12.033,10.521,9.027,8.258,8.589,8.663,8.755,9.375,9.623,9.714,9.625,10.088,9.645,9.009,8.44,7.914,6.899,5.474,4.89,3.449,2.394,1.855,0.88,1.076,0.389,0.527,0.172,0.232,0.039,0.06,0.02,0.061,0,0,0,0,0,0
2026-08-30 22:33:00,1,"Normal Scan","Normal Scan",0,"ON",1,1,1,736.9,5,20,96.8,51.1,0.000000069522,0.0000181809,4.97,8954.6,8.8,736.5,1,"Up Scan","Positive",254,0,4.37,1.6,8,8,0,1,1,17.361,28.816,20.56,9.647,2.048,6353.21,47,21.1,NA,0,0,0,0,0,0,0,0,0,0,0,0,0,0,0,0,0,0,0,0,0,0,0,0,0,0,0,0,0,0,0,25370.4,18164.288,13378.72,10274.368,8592.064,7680.832,7095.552,6713.632,6745.824,6453.376,6002.656,6219.584,6130.144,6286.752,5879.648,6002.144,5806.304,5837.632,5327.776,4837.792,4359.424,3768.576,3078.528,2695.232,2349.408,1979.776,1712.672,1556.096,1309.312,1100.16,973.536,911.2,749.792,688.192,678.272,604.576,624.352,548,577.504,592.288,599.264,576.8,486.624,465.92,379.168,294.24,250.144,176.832,130.976,90.784,61.728,56.192,21.472,16.16,12.448,13.92,4.928,5.024,3.488,0,0,0,0,0,0,0,0,0,0,0,0,0,0,0,0,0,0,0,0,0,0,0,0,0,0,0,0,0,0,0,0,0,0,0,0,8.884,10.17,10.495,10.521,10.562,11.144,12.299,13.642,15.26,17.822,19.495,20.615,23.962,26.394,29.87,30.771,34.299,36.055,39.092,38.49,37.609,36.265,33.506,29.434,27.281,25.227,22.681,20.8,19.885,17.78,16.173,15.337,15.146,13.81,13.627,13.934,13.147,13.129,11.942,11.678,11.328,10.987,9.957,8.163,7.601,6.132,4.54,3.775,2.662,1.915,1.336,0.859,0.77,0.282,0.21,0.158,0.173,0.06,0.06,0.041,0,0,0,0,0,0
2026-08-30 22:38:00,1,"Normal Scan","Normal Scan",0,"ON",1,1,1,737.3,5,20.6,96.8,50.8,0.0000000697032,0.0000182097,4.97,8954.6,8.8,736.5,1,"Up Scan","Positive",254,0,4.37,1.6,8,8,0,1,1,20.552,34.948,24.215,9.647,2.163,3957.49,47,21.2,NA,0,0,0,0,0,0,0,0,0,0,0,0,0,0,0,0,0,0,0,0,0,0,0,0,0,0,0,0,0,0,0,10114.912,7033.344,6355.808,6955.008,5798.912,4958.208,4532.64,4846.368,4600.064,4309.216,3807.648,3563.488,3416.96,3632.352,3438.272,3428.128,3475.776,3606.752,3518.752,3348.864,3210.112,3049.184,2873.664,2538.496,2374.048,2152.256,1883.84,1480.064,1361.984,1174.464,1022.56,847.776,761.76,647.648,594.848,548.32,514.208,505.888,508.896,529.184,541.888,490.656,454.272,448.192,369.792,275.392,196.224,165.856,115.072,93.472,50.304,38.688,29.952,25.088,9.12,3.136,1.6,6.752,1.728,1.792,0,0,0,0,0,0,0,0,0,0,0,0,0,0,0,0,0,0,0,0,0,0,0,0,0,0,0,0,0,0,0,0,0,0,0,2.988,4.022,4.106,5.04,7.2,7.522,7.905,8.711,10.972,12.098,12.985,13.028,13.748,14.722,17.305,18.068,19.753,21.837,24.518,25.795,26.511,27.238,27.563,27.45,25.968,25.545,24.446,22.58,18.879,18.3,16.727,15.489,14.048,13.315,12.737,12.525,11.681,11.179,11.274,10.334,10.223,9.703,8.635,7.731,7.196,5.813,4.312,3.057,2.468,1.643,1.329,0.73,0.537,0.414,0.324,0.116,0.039,0.02,0.08,0.02,0.023,0.014,0,0,0,0
2026-08-30 22:43:00,1,"Normal Scan","Normal Scan",0,"ON",1,1,1,737,5,20.1,96.8,51.2,0.0000000695522,0.0000181857,4.97,8954.6,8.8,736.5,1,"Up Scan","Positive",254,0,4.37,1.6,8,8,0,1,1,17.22,29.892,21.042,9.647,2.081,4622.8,47,21.1,NA,0,0,0,0,0,0,0,0,0,0,0,0,0,0,0,0,0,0,0,0,0,0,0,0,0,0,0,0,0,0,0,16238.176,12548.544,9307.584,8040.832,7003.904,6669.248,5607.616,5546.56,5610.208,4861.184,4839.072,4119.712,3838.56,3711.776,3548.64,3353.984,3588.448,3730.624,3528.448,3414.4,3124.512,3086.816,2662.432,2629.952,2339.488,2029.184,1729.408,1371.392,1071.712,859.776,733.952,621.28,544.256,445.312,469.568,373.408,439.168,429.664,405.856,454.208,423.616,469.152,403.232,398.4,334.464,259.072,203.744,137.856,136.608,74.112,55.456,40.928,21.344,21.696,8.128,7.872,1.6,1.696,1.76,0,0,0,0,0,0,0,0,0,0,0,0,0,0,0,0,0,0,0,0,0,0,0,0,0,0,0,0,0,0,0,0,0,0,0,0,5.638,6.523,7.32,7.353,8.276,9.073,10.669,10.801,12.584,14.792,14.672,16.546,15.847,16.506,17.709,18.643,19.332,22.493,25.269,25.943,26.972,26.449,27.713,25.443,26.227,24.759,22.596,20.258,17.074,14.307,12.301,11.36,10.628,10.106,9.454,9.865,9.096,9.834,9.561,8.839,9.019,7.923,8.281,6.854,6.459,5.338,3.972,3.124,2.059,1.98,1.042,0.767,0.556,0.282,0.28,0.103,0.098,0.02,0.02,0.02,0,0,0,0,0,0
2026-08-30 22:48:00,1,"Normal Scan","Normal Scan",0,"ON",1,1,1,737,5,20.3,96.7,50.7,0.0000000696846,0.0000181953,4.97,8954.6,8.8,736.5,1,"Up Scan","Positive",254,0,4.37,1.6,8,8,0,1,1,20.606,33.394,23.672,9.647,2.093,3760.39,47,21.1,NA,0,0,0,0,0,0,0,0,0,0,0,0,0,0,0,0,0,0,0,0,0,0,0,0,0,0,0,0,0,0,0,8765.184,6486.08,6394.4,6139.488,5745.568,4911.808,4845.92,4549.184,4320.288,4130.912,3742.56,3608.704,3399.072,3479.264,3458.752,3479.36,3879.424,3830.784,3919.584,3678.08,3262.496,3032.736,2798.624,2542.688,2158.08,1874.848,1482.56,1231.456,987.36,696.352,657.792,604.832,475.296,415.84,365.056,377.056,309.344,360.192,415.072,472.704,442.88,433.696,459.488,366.4,341.472,293.6,210.048,152.544,116.928,74.784,54.784,37.44,26.944,19.136,4.576,6.336,3.264,3.328,0,0,0,0,0,0,0,0,0,0,0,0,0,0,0,0,0,0,0,0,0,0,0,0,0,0,0,0,0,0,0,0,0,0,0,0,0,2.646,3.523,3.722,5.088,6.34,7.484,7.869,9.301,10.303,11.37,12.478,12.837,13.978,14.682,16.667,18.247,20.063,24.257,25.952,28.581,28.819,27.438,27.054,26.484,25.318,22.621,20.891,17.511,15.377,12.97,10.083,10.217,10.076,9.007,9.149,8.612,9.014,8.267,8.503,9.109,9.342,8.287,7.719,7.634,5.971,5.373,4.564,3.171,2.218,1.71,1.082,0.748,0.504,0.373,0.248,0.058,0.078,0.04,0.04,0,0,0.016,0,0,0,0
2026-08-30 22:53:00,1,"Normal Scan","Normal Scan",0,"ON",1,1,1,737,5,20.2,96.8,51.3,0.0000000695824,0.0000181905,4.97,8954.6,8.8,736.5,1,"Up Scan","Positive",254,0,4.37,1.6,8,8,0,1,1,21.931,34.314,24.569,9.647,2.072,3361.47,47,21.1,NA,0,0,0,0,0,0,0,0,0,0,0,0,0,0,0,0,0,0,0,0,0,0,0,0,0,0,0,0,0,0,0,5726.848,5444.16,5226.4,5131.168,4498.816,4702.432,4204.256,4311.552,4061.728,3706.912,3592.928,3521.344,3072.544,3079.232,3474.176,3719.936,3765.6,3684.64,3722.688,3462.304,3226.048,2899.872,2514.976,2266.56,2064.032,1757.728,1416.288,1092.704,868.448,644.064,558.304,515.264,394.592,379.104,319.104,292.96,290.976,352.448,344.64,347.776,458.208,418.816,403.328,371.2,332.48,256.768,196.608,126.976,90.688,92.128,59.04,37.184,26.016,11.776,9.184,9.504,6.528,1.664,1.728,1.824,0,0,0,0,0,0,0,0,0,0,0,0,0,0,0,0,0,0,0,0,0,0,0,0,0,0,0,0,0,0,0,0,0,0,0,2.055,2.302,3.187,4.128,5.315,5.862,7.528,8.086,9.821,10.694,11.179,12.347,13.618,13.277,14.786,18.293,21.376,23.534,24.902,27.066,27.141,27.044,25.798,23.803,22.551,21.592,19.466,16.562,13.496,11.535,9.254,8.598,8.795,7.833,7.873,7.951,7.689,7.59,8.304,7.864,7.436,8.309,7.192,6.934,6.113,5.282,4.02,2.937,1.913,1.361,1.329,0.821,0.5,0.357,0.153,0.116,0.118,0.079,0.02,0.02,0.021,0,0,0,0,0
2026-08-30 22:58:00,1,"Normal Scan","Normal Scan",0,"ON",1,1,1,737,5,20.3,96.7,50.7,0.0000000696846,0.0000181953,4.97,8954.6,8.8,736.5,1,"Up Scan","Positive",254,0,4.37,1.6,8,8,0,1,1,23.316,35.36,25.493,9.647,2.071,3208.65,47,21.1,NA,0,0,0,0,0,0,0,0,0,0,0,0,0,0,0,0,0,0,0,0,0,0,0,0,0,0,0,0,0,0,0,5092.736,5030.336,4636.672,3908.16,4252.704,3786.176,3603.456,3906.688,3735.392,3821.76,3762.272,3360.672,3257.344,3255.392,3477.408,3415.232,3337.984,3618.464,3726.016,3766.496,3280.864,2898.272,2649.76,2420.544,2082.176,1695.648,1478.528,1108.192,860.608,688,539.296,475.744,455.136,401.76,369.056,350.56,303.84,392.864,377.888,370.528,379.136,416.896,386.688,362.112,278.464,258.016,195.808,139.712,99.136,81.184,43.52,32.64,23.072,8.864,7.648,3.136,4.928,0,3.488,1.824,0,0,0,0,0,0,0,0,0,0,0,0,0,0,0,0,0,0,0,0,0,0,0,0,0,0,0,0,0,0,0,0,0,0,0,1.474,2.004,2.951,3.667,4.04,5.538,6.06,6.94,8.857,9.833,11.565,12.887,12.957,14.055,15.611,18.33,19.699,20.949,24.535,27.178,29.43,27.44,25.878,24.996,24.031,21.824,18.743,17.233,13.871,11.514,10.009,8.487,8.301,8.827,8.306,8.079,8.457,7.661,8.7,8.167,7.583,7.235,7.235,6.598,5.809,4.396,3.976,2.921,2.071,1.432,1.149,0.62,0.445,0.32,0.114,0.097,0.039,0.06,0,0.041,0.021,0,0,0,0,0
2026-08-30 23:03:00,1,"Normal Scan","Normal Scan",0,"ON",1,1,1,737,5,20.3,96.7,51.1,0.0000000696846,0.0000181953,4.97,8954.6,8.8,736.5,1,"Up Scan","Positive",254,0,4.37,1.6,8,8,0,1,1,19.819,32.759,23.102,9.647,2.08,3121.88,47,21.1,NA,0,0,0,0,0,0,0,0,0,0,0,0,0,0,0,0,0,0,0,0,0,0,0,0,0,0,0,0,0,0,0,6595.2,6240.352,5380.128,4938.752,4755.328,4485.312,4061.44,4205.44,4022.432,3593.216,3421.696,3466.88,3195.712,2994.048,2833.696,2842.624,2815.808,2931.424,2833.472,2699.424,2482.24,2329.824,2330.592,2085.312,1826.72,1451.264,1184.096,836.768,621.984,510.432,386.368,417.28,333.824,279.872,340.256,288.128,284.768,293.152,338.304,395.136,323.36,397.248,359.296,327.008,294.496,203.552,171.232,149.792,100.64,69.568,51.392,41.568,33.536,15.648,6.048,6.304,3.264,6.72,3.52,7.168,0,0,0,0,0,0,0,0,0,0,0,0,0,0,0,0,0,0,0,0,0,0,0,0,0,0,0,0,0,0,0,0,0,0,0,1.93,2.627,3.635,4.241,5.114,6.188,7.17,7.834,9.541,10.589,10.853,11.708,13.327,13.709,14.272,14.88,16.349,17.637,19.931,20.807,21.29,20.86,20.798,21.809,20.552,18.988,15.92,13.895,10.428,8.488,7.541,6.537,7.197,6.771,6.643,7.526,7.286,7.151,7.09,7.522,7.627,6.387,7.138,6.185,5.321,4.77,3.327,2.633,2.224,1.468,1.042,0.711,0.63,0.459,0.202,0.077,0.078,0.04,0.08,0.041,0.082,0,0,0,0,0
2026-08-30 23:08:00,1,"Normal Scan","Normal Scan",0,"ON",1,1,1,736.9,5,20.1,96.7,50.7,0.0000000696241,0.0000181857,4.97,8954.6,8.8,736.5,1,"Up Scan","Positive",254,0,4.37,1.6,8,8,0,1,1,20.271,34.735,24.032,9.647,2.134,2682.54,47,21,NA,0,0,0,0,0,0,0,0,0,0,0,0,0,0,0,0,0,0,0,0,0,0,0,0,0,0,0,0,0,0,0,5217.312,5048,4297.056,4382.784,3778.496,3893.248,3584.224,3543.36,3384.448,3290.144,3106.912,2790.72,2625.504,2495.328,2296.96,2285.312,2253.12,2403.52,2489.056,2237.28,2203.296,2069.664,2020.608,1860.64,1599.648,1439.872,1177.856,870.528,661.984,509.44,427.168,390.592,314.272,305.92,284.32,296.608,285.056,333.888,359.776,393.184,402.656,399.584,346.624,320.928,313.728,253.12,185.216,116.448,79.616,70.048,52.416,44.608,13.44,11.808,7.584,7.872,4.896,0,1.728,1.792,0,0,0,0,0,0,0,0,0,0,0,0,0,0,0,0,0,0,0,0,0,0,0,0,0,0,0,0,0,0,0,0,0,0,0,1.63,2.116,2.936,3.382,4.515,4.913,6.228,6.88,8.044,8.942,9.917,10.605,10.723,11.254,11.912,12.053,13.184,14.181,16.398,18.296,17.71,18.66,18.596,19.085,18.432,16.732,15.872,13.739,10.84,8.905,7.518,7.064,7.077,6.643,6.934,7.167,7.512,7.162,7.68,7.949,7.734,7.574,6.759,5.868,5.264,5.065,3.819,2.805,1.739,1.2,0.988,0.732,0.615,0.184,0.153,0.097,0.098,0.06,0,0.02,0.021,0.017,0,0,0,0
2026-08-30 23:13:00,1,"Normal Scan","Normal Scan",0,"ON",1,1,1,737.1,5,20.4,96.7,50.9,0.0000000697148,0.0000182001,4.97,8954.6,8.8,736.5,1,"Up Scan","Positive",254,0,4.37,1.6,8,8,0,1,1,19.155,34.382,23.333,9.647,2.159,2548.76,47,21.1,NA,0,0,0,0,0,0,0,0,0,0,0,0,0,0,0,0,0,0,0,0,0,0,0,0,0,0,0,0,0,0,0,5586.72,4725.024,4912.544,4300.16,4015.808,3939.744,3706.336,3539.488,3053.856,2931.936,2979.456,2547.168,2455.68,2099.36,2140.064,1918.528,1945.28,1980.352,1944.768,2075.2,1940.064,1815.712,1750.144,1683.808,1540.96,1343.072,1083.296,753.984,564,492.352,422.752,322.208,274.4,291.104,284.48,234.688,307.744,311.04,316.192,357.568,359.456,429.568,364,361.344,290.56,220.096,183.232,138.816,105.504,69.728,37.632,35.392,36.16,17.664,7.68,4.736,3.296,5.12,3.456,0,0,0,0,0,0,0,0,0,0,0,0,0,0,0,0,0,0,0,0,0,0,0,0,0,0,0,0,0,0,0,0,0,0,0,0,1.681,2.278,2.751,3.929,4.429,5.211,6.291,7.114,8.016,7.998,8.827,10.158,9.798,10.535,9.983,11.248,11.084,12.249,13.557,14.404,16.46,16.48,16.37,16.516,16.688,16.137,14.797,12.5,9.432,7.821,7.153,6.821,6.208,5.977,6.634,6.972,6.731,7.558,7.67,7.069,7.227,6.84,7.591,6.179,5.788,4.611,3.555,2.832,2.041,1.516,0.994,0.592,0.476,0.476,0.229,0.097,0.059,0.04,0.06,0.041,0,0,0,0,0,0
2026-08-30 23:18:00,1,"Normal Scan","Normal Scan",0,"ON",1,1,1,736.9,5,20.1,96.7,50.6,0.0000000696241,0.0000181857,4.97,8954.6,8.8,736.5,1,"Up Scan","Positive",254,0,4.37,1.6,8,8,0,1,1,18.353,31.754,22.149,9.647,2.078,2944.52,47,21,NA,0,0,0,0,0,0,0,0,0,0,0,0,0,0,0,0,0,0,0,0,0,0,0,0,0,0,0,0,0,0,0,6504.384,5510.336,5261.6,5122.336,5188.064,4845.664,4804.704,4254.848,3964.64,3937.76,3824.352,3318.944,3084.544,2797.952,2567.84,2198.944,2061.664,2054.016,2022.144,2083.552,2046.624,1917.792,1766.208,1694.816,1543.808,1335.968,1054.432,765.504,578.4,444.864,432.768,322.848,309.568,248.128,267.04,256.32,282.272,304.224,361.664,357.472,380.352,321.728,340.896,330.816,304.48,242.496,180.16,127.392,94.304,69.984,47.264,24.864,21.408,14.72,15.264,6.272,1.632,1.696,0,0,0,0,0,0,0,0,0,0,0,0,0,0,0,0,0,0,0,0,0,0,0,0,0,0,0,0,0,0,0,0,0,0,0,0,0,1.546,2.614,3.209,4.169,5.287,6.739,7.783,9.225,9.65,10.427,11.874,13.042,12.7,13.166,13.248,13.421,12.677,12.971,14.041,14.971,16.512,17.34,17.179,16.718,16.781,16.107,14.77,12.232,9.567,7.844,6.687,6.881,6.112,6.504,6.077,6.657,6.581,7.015,7.252,7.868,7.412,6.931,5.972,5.779,5.417,4.721,3.737,2.737,1.967,1.341,0.988,0.657,0.334,0.282,0.191,0.193,0.078,0.02,0.02,0,0,0,0,0,0,0
2026-08-30 23:23:00,1,"Normal Scan","Normal Scan",0,"ON",1,1,1,737.3,5,20.6,96.7,50.7,0.0000000697753,0.0000182097,4.97,8954.6,8.8,736.5,1,"Up Scan","Positive",254,0,4.37,1.6,8,8,0,1,1,18.93,35.342,23.725,12.864,2.183,2438.8,47,21.2,NA,0,0,0,0,0,0,0,0,0,0,0,0,0,0,0,0,0,0,0,0,0,0,0,0,0,0,0,0,0,0,0,4272.224,4213.824,4579.904,4218.272,4596.224,4069.216,3830.56,3566.752,3121.76,2982.272,2709.536,2346.592,2254.368,1924.832,1757.888,1815.424,1710.272,1725.28,1819.712,1885.664,1763.776,1749.504,1719.136,1589.12,1496.128,1281.984,1121.44,845.312,610.464,476.672,353.6,315.52,293.824,277.6,286.72,284.576,312.896,340.928,358.592,406.624,398.048,422.336,398.4,352,320.16,255.2,176.288,113.856,103.584,63.456,53.248,37.856,26.016,10.336,12.224,3.136,3.232,0,1.728,5.408,0,0,0,0,0,0,0,0,0,0,0,0,0,0,0,0,0,0,0,0,0,0,0,0,0,0,0,0,0,0,0,0,0,0,0,1.516,1.755,2.476,3.6,4.344,5.99,6.513,7.349,8.079,8.193,8.953,9.256,8.996,9.648,9.18,9.267,10.464,10.821,11.854,13.502,15.019,15.044,15.842,16.329,15.845,15.614,14.046,13.019,10.478,8.334,7.078,6.145,6.243,6.436,6.795,7.119,7.561,7.81,7.989,7.979,8.014,7.285,7.413,6.58,5.75,5.091,3.951,2.631,1.777,1.515,0.88,0.742,0.543,0.376,0.134,0.155,0.039,0.04,0,0.02,0.062,0.015,0,0,0,0
2026-08-30 23:28:00,1,"Normal Scan","Normal Scan",0,"ON",1,1,1,737.7,5,21.2,96.7,50.3,0.0000000699568,0.0000182384,4.97,8954.6,8.8,736.5,1,"Up Scan","Positive",254,0,4.37,1.6,8,8,0,1,1,18.966,28.917,21.46,9.647,1.954,3945.79,47,21.4,NA,0,0,0,0,0,0,0,0,0,0,0,0,0,0,0,0,0,0,0,0,0,0,0,0,0,0,0,0,0,0,0,8844.544,8199.712,7243.424,6013.28,5759.968,5981.728,6207.328,5746.688,4805.536,4905.056,4968.896,5391.328,5117.792,4512.992,4137.76,3966.72,3530.848,3442.624,3211.648,3079.872,2718.56,2461.472,2174.176,2005.92,1741.856,1501.504,1146.624,859.104,730.304,539.808,440.832,370.144,350.304,300.864,280.032,281.12,283.168,263.552,228.192,284.992,269.92,276,309.312,314.336,279.616,215.456,157.472,121.344,94.56,74.88,40.512,23.424,21.568,16.288,7.616,9.44,1.6,1.696,0,0,0,0,0,0,0,0,0,0,0,0,0,0,0,0,0,0,0,0,0,0,0,0,0,0,0,0,0,0,0,0,0,0,0,0,0,2.491,3.536,4.776,5.729,6.16,7.464,9.574,11.89,13.031,12.679,14.81,16.999,20.65,21.848,21.29,21.55,22.6,21.947,23.204,23.363,24.056,22.777,21.865,20.433,19.908,18.211,16.47,13.404,10.715,9.621,7.754,7.013,6.416,6.399,6.279,6.296,6.444,6.795,6.462,5.789,6.083,5.295,5.142,5.368,5.104,4.331,3.329,2.443,1.806,1.395,1.041,0.565,0.315,0.301,0.21,0.097,0.118,0.02,0.02,0,0,0.014,0,0,0,0
2026-08-30 23:33:00,1,"Normal Scan","Normal Scan",0,"ON",1,1,1,738.3,5,22,96.7,50,0.0000000701988,0.0000182767,4.97,8954.6,8.8,736.5,1,"Up Scan","Positive",254,0,4.37,1.6,8,8,0,1,1,16.563,24.676,19.204,9.647,1.84,3704.26,46,21.8,NA,0,0,0,0,0,0,0,0,0,0,0,0,0,0,0,0,0,0,0,0,0,0,0,0,0,0,0,0,0,0,0,9404.8,8632.992,9241.184,7757.472,6617.376,6434.336,5899.296,5265.376,4909.504,4636.224,4372.352,4229.44,4012.256,3812.416,3547.008,3609.152,3444.736,3246.336,2858.976,2648.608,2372.928,1848.384,1576.32,1239.264,1047.744,831.392,605.536,452,326.528,298.304,231.584,215.392,208.352,180.736,184.576,200.608,191.936,218.24,230.048,210.72,237.824,213.888,184.384,162.368,141.632,100.032,87.488,54.176,39.104,18.944,15.2,8.256,9.984,5.92,3.104,0,0,1.696,1.728,0,0,0,0,0,0,0,0,0,0,0,0,0,0,0,0,0,0,0,0,0,0,0,0,0,0,0,0,0,0,0,0,0,0,0,0,2.503,3.834,5.005,7.333,7.959,8.575,10.265,11.297,11.912,12.879,13.95,14.935,16.226,17.172,18.039,18.483,20.513,21.206,21.655,20.499,20.386,19.488,16.13,14.608,12.152,10.878,9.101,7.108,5.773,4.547,4.455,3.96,4.078,4.201,4.033,4.327,4.512,4.278,4.479,4.502,3.91,4.14,3.63,2.984,2.54,2.131,1.545,1.319,0.796,0.548,0.266,0.237,0.111,0.131,0.076,0.039,0,0,0.02,0.02,0,0,0,0,0,0
2026-08-30 23:38:00,1,"Normal Scan","Normal Scan",0,"ON",1,1,1,738.6,5,22.4,96.7,49.5,0.0000000703198,0.0000182958,4.97,8954.6,8.8,736.5,1,"Up Scan","Positive",254,0,4.37,1.6,8,8,0,1,1,16.472,25.128,19.3,10.366,1.85,3234.22,44,22.1,NA,0,0,0,0,0,0,0,0,0,0,0,0,0,0,0,0,0,0,0,0,0,0,0,0,0,0,0,0,0,0,0,6916.224,7662.976,6712.704,6503.584,6506.496,6110.112,5910.912,5868,4942.688,4570.208,4098.304,3685.888,3487.456,3392.704,2887.328,2676.672,2545.12,2224.512,2110.528,1988.128,1834.656,1616.448,1424.064,1118.88,947.328,741.152,603.328,454.944,348.192,272.928,238.848,237.056,206.368,203.552,217.824,207.424,160.704,184.8,175.456,218.656,189.184,215.168,182.592,169.344,144.64,111.328,72.96,67.104,36.064,24.544,17.76,16.16,11.424,8.864,1.536,1.568,6.496,1.696,3.488,0,0,0,0,0,0,0,0,0,0,0,0,0,0,0,0,0,0,0,0,0,0,0,0,0,0,0,0,0,0,0,0,0,0,0,0,1.567,2.766,4.455,5.276,6.699,8.415,9.761,11.304,13.215,12.966,13.72,13.955,14.095,14.847,15.998,14.995,15.246,15.755,14.966,15.249,15.384,15.15,14.213,13.246,11.038,9.86,8.205,7.151,5.754,4.832,4.259,3.998,4.153,3.957,4.275,4.553,4.62,3.794,4.14,3.679,4.192,3.472,3.607,3.024,2.659,2.312,1.734,1.143,0.971,0.563,0.366,0.267,0.222,0.15,0.114,0.019,0.02,0.079,0.02,0.041,0,0,0,0,0,0
2026-08-30 23:43:00,1,"Normal Scan","Normal Scan",0,"ON",1,1,1,737.9,5,21.4,96.8,48.4,0.0000000699449,0.000018248,4.97,8954.6,8.8,736.5,1,"Up Scan","Positive",254,0,4.37,1.6,8,8,0,1,1,20.921,26.167,21.568,30.505,1.746,4110.74,43,22,NA,0,0,0,0,0,0,0,0,0,0,0,0,0,0,0,0,0,0,0,0,0,0,0,0,0,0,0,0,0,0,0,6474.848,5429.472,6327.36,6053.76,5966.496,6084.8,5977.44,5817.888,5712.704,5281.696,5381.824,5194.944,5098.528,5595.104,6242.144,6740.384,7341.536,6448.288,5207.744,4441.12,3348.832,2479.168,1819.648,1196.896,934.208,694.112,486.944,390.624,328.32,236.704,211.04,168.928,165.344,149.856,184.576,160.224,171.84,217.792,160.192,186.688,164.128,161.6,168.192,120.992,120.544,70.88,64.48,46.432,28.928,16.608,13.984,10.976,14.272,5.92,6.112,4.736,9.792,3.36,1.728,0,0,0,0,0,0,0,0,0,0,0,0,0,0,0,0,0,0,0,0,0,0,0,0,0,0,0,0,0,0,0,0,0,0,0,0,1.515,2.626,3.188,5.027,6.247,7.752,9.717,11.492,13.193,15.036,15.975,18.507,20.135,22.068,26.635,32.514,38.139,44.8,42.427,36.846,33.662,27.127,21.391,16.712,11.736,9.659,7.644,5.757,4.912,4.503,3.612,3.559,3.363,3.323,3.309,3.822,3.569,3.761,4.206,3.305,3.377,2.955,2.811,2.679,1.944,1.929,1.193,1.008,0.712,0.494,0.287,0.219,0.148,0.188,0.076,0.077,0.059,0.119,0.04,0.02,0,0,0,0,0,0
2026-08-30 23:48:00,1,"Normal Scan","Normal Scan",0,"ON",1,1,1,737.3,5,20.6,96.7,47.2,0.0000000697753,0.0000182097,4.97,8954.6,8.8,736.5,1,"Up Scan","Positive",254,0,4.37,1.6,8,8,0,1,1,21.124,25.529,21.648,22.876,1.675,5378.12,43,21.8,NA,0,0,0,0,0,0,0,0,0,0,0,0,0,0,0,0,0,0,0,0,0,0,0,0,0,0,0,0,0,0,0,5681.952,5804.224,5927.04,7480.736,8160.448,7845.824,8528.704,8134.208,8060.608,8385.152,8711.872,8874.496,9151.36,8939.232,9051.104,8703.968,8053.568,7474.944,6518.464,5354.272,4254.144,2960.16,2038.304,1436.352,1027.136,782.4,578.432,463.392,330.304,292.352,260.288,243.392,178.752,196.416,207.392,221.76,194.368,200.448,192.608,170.208,155.2,159.392,144.192,123.232,124.448,83.104,79.2,50.976,30.08,24.864,20.192,12.544,2.848,5.888,6.08,0,1.6,3.392,0,1.792,0,0,0,0,0,0,0,0,0,0,0,0,0,0,0,0,0,0,0,0,0,0,0,0,0,0,0,0,0,0,0,0,0,0,0,1.568,2.279,3.399,4.713,7.758,10.587,12.576,16.451,18.474,21.303,25.378,29.895,34.179,39.208,42.31,46.947,49.185,49.242,49.237,46.072,40.545,34.386,25.53,18.748,14.034,10.685,8.672,6.846,5.882,4.647,4.447,4.339,4.174,3.601,3.971,4.116,4.422,4.015,3.983,3.745,3.308,2.952,2.71,2.375,2.056,1.958,1.249,1.214,0.769,0.437,0.359,0.292,0.185,0.038,0.076,0.077,0,0.02,0.04,0,0.021,0,0,0,0,0
2026-08-30 23:53:00,1,"Normal Scan","Normal Scan",0,"ON",1,1,1,737.6,5,21,96.7,46.8,0.0000000698963,0.0000182289,4.97,8954.6,8.8,736.5,1,"Up Scan","Positive",254,0,4.37,1.6,8,8,0,1,1,20.393,24.437,20.834,24.582,1.646,5100.28,43,21.8,NA,0,0,0,0,0,0,0,0,0,0,0,0,0,0,0,0,0,0,0,0,0,0,0,0,0,0,0,0,0,0,0,6094.048,6195.616,5977.632,7120.992,6962.208,7335.328,7341.152,7889.28,8945.184,9414.976,9345.632,9642.432,9327.232,9879.52,9538.24,9059.52,7583.84,5731.232,4292.416,3314.08,2373.152,1765.344,1318.72,954.464,814.496,685.504,529.536,402.304,279.008,263.008,204.16,169.024,204.48,157.408,173.856,192.064,198.24,206.112,188.544,218.4,181.76,144.736,116.256,105.248,99.808,64.352,56,30.912,26.624,23.712,12.544,12.608,10.144,11.84,10.656,3.136,1.664,6.816,0,1.792,0,0,0,0,0,0,0,0,0,0,0,0,0,0,0,0,0,0,0,0,0,0,0,0,0,0,0,0,0,0,0,0,0,0,0,1.434,2.465,3.624,4.744,7.364,9.078,11.774,14.12,17.982,23.644,28.499,32.039,37.039,39.805,46.365,49.047,50.713,45.982,37.601,30.356,25.192,19.365,15.386,12.23,9.402,8.488,7.551,6.259,5.121,3.94,3.989,3.597,3.381,3.92,3.449,3.76,3.857,3.801,3.842,3.668,3.771,3.083,2.447,2.008,1.78,1.591,1.059,0.974,0.521,0.406,0.359,0.219,0.185,0.15,0.153,0.135,0.039,0.02,0.08,0,0.024,0.014,0,0,0,0
2026-08-30 23:58:00,1,"Normal Scan","Normal Scan",0,"ON",1,1,1,737,5,20.3,96.7,47,0.0000000696846,0.0000181953,4.97,8954.6,8.8,736.5,1,"Up Scan","Positive",254,0,4.37,1.6,8,8,0,1,1,19.237,24.689,20.534,14.855,1.706,4483.3,43,21.6,NA,0,0,0,0,0,0,0,0,0,0,0,0,0,0,0,0,0,0,0,0,0,0,0,0,0,0,0,0,0,0,0,5904.608,6496.448,6390.144,6969.472,7578.016,7750.368,7778.816,7536.064,7470.56,7283.2,7129.952,6765.792,6781.6,6296.224,6295.52,6041.92,5687.168,5268.064,4581.76,3603.808,2990.08,2279.072,1624.96,1185.792,900.832,649.152,506.976,367.392,264.288,231.52,195.552,172.8,183.936,182.592,208.288,197.312,208,177.504,176.672,192.224,157.312,151.424,131.808,128.608,92.672,67.68,50.368,57.536,33.504,17.76,18.24,19.584,12.832,8.864,3.04,4.736,0,1.696,3.488,0,0,0,0,0,0,0,0,0,0,0,0,0,0,0,0,0,0,0,0,0,0,0,0,0,0,0,0,0,0,0,0,0,0,0,0,1.442,2.378,3.808,5.09,7.195,9.876,12.412,15.004,17.083,19.698,22.013,24.421,26.023,29.07,29.8,32.644,34.157,34.804,34.776,32.473,27.436,24.267,19.688,14.957,11.526,9.354,7.129,5.983,4.755,3.863,3.654,3.48,3.312,3.602,3.748,4.133,3.966,4.059,3.623,3.363,3.431,2.88,2.727,2.198,2.084,1.572,1.11,0.828,0.862,0.495,0.248,0.277,0.278,0.169,0.114,0.039,0.059,0,0.02,0.041,0,0,0,0,0,0
